      0/49    0.151G      4.22       2.6      1.21      8.03        34       320     0.239     0.238     0.133     0.234      3.05     0.996      0.89
      1/49    0.134G      3.01      1.46     0.802      5.27        30       480     0.309     0.574     0.403     0.399      2.45     0.698     0.395
      2/49    0.327G      2.66      1.01     0.496      4.17        40       544     0.457     0.645     0.573     0.535      2.16     0.528     0.288
      3/49    0.495G      2.35     0.906      0.41      3.66        45       608     0.588      0.69     0.669     0.626      1.93      0.47     0.286
      4/49    0.155G      2.14     0.874     0.376      3.39        34       512     0.639     0.732     0.724      0.68      1.79     0.455     0.255
      5/49    0.187G      2.05     0.813     0.333       3.2        65       384     0.675     0.753     0.756     0.711      1.76      0.44      0.24
      6/49      3.7G      1.97     0.802     0.345      3.12       125       544     0.662      0.76     0.756     0.707      1.69     0.429     0.231
      7/49    0.185G      1.92     0.807     0.321      3.05        44       416     0.675     0.764     0.761     0.717      1.67     0.412      0.24
      8/49     3.82G      1.88     0.755     0.314      2.95        47       544     0.683     0.774     0.773     0.726      1.62      0.41     0.232
      9/49     3.82G      1.87     0.784       0.3      2.95        52       384     0.715     0.771      0.78     0.741      1.59     0.405     0.221
     10/49     3.82G      1.81     0.736     0.291      2.83        31       384     0.708     0.768      0.77     0.734      1.59     0.405     0.254
     11/49     3.82G      1.79     0.733     0.295      2.82        39       480     0.759     0.772      0.79     0.765      1.56     0.397     0.225
     12/49     3.82G      1.77     0.754     0.297      2.82        32       608     0.725     0.782     0.789     0.751      1.55     0.398     0.217
     13/49     3.82G      1.77     0.779     0.285      2.83        52       384     0.704     0.785     0.788     0.742      1.55     0.393     0.229
     14/49     3.82G      1.73     0.752     0.288      2.77        48       480      0.74     0.787     0.795     0.763      1.54     0.389     0.214
     15/49    0.191G      1.73     0.731     0.275      2.73        41       448     0.738      0.79     0.795     0.763      1.51     0.393     0.217
     16/49    0.382G       1.7     0.688     0.272      2.66        39       640     0.733     0.784     0.794     0.757      1.52     0.397     0.226
     17/49    0.166G       1.7     0.727     0.275       2.7        45       352     0.752     0.785     0.801     0.767      1.49     0.379     0.211
     18/49      3.9G      1.69     0.731     0.269      2.68        44       640     0.746     0.796     0.801      0.77       1.5     0.378     0.213
     19/49      3.9G      1.66     0.678     0.254      2.59        39       640     0.756     0.795     0.804     0.774      1.49     0.379     0.215
     20/49      3.9G      1.66     0.692     0.271      2.62        26       448     0.751     0.803     0.807     0.776      1.47     0.379       0.2
     21/49    0.327G      1.65     0.707     0.268      2.63        34       576     0.758     0.799      0.81     0.777      1.47     0.378     0.218
     22/49      3.9G      1.65      0.73     0.263      2.65        46       480     0.732     0.803      0.81     0.766      1.46     0.376     0.212
     23/49      3.9G      1.63     0.707     0.267       2.6        46       480     0.764     0.807     0.816     0.784      1.46     0.372     0.208
     24/49      3.9G       1.6     0.688     0.238      2.53        35       384     0.741     0.811     0.813     0.774      1.44      0.37     0.211
     25/49      3.9G      1.61     0.694      0.25      2.55        37       352     0.735      0.81     0.811     0.771      1.44     0.372     0.205
     26/49      3.9G       1.6      0.68     0.241      2.52        41       416     0.728     0.819     0.814      0.77      1.43     0.372     0.214
     27/49      3.9G       1.6     0.651     0.253       2.5        44       480     0.741     0.815     0.816     0.776      1.43     0.368     0.203
     28/49      3.9G       1.6     0.695     0.246      2.54        28       416     0.739     0.815     0.816     0.775      1.43     0.374     0.201
     29/49      3.9G      1.59     0.669     0.246       2.5        56       576      0.75     0.817     0.819     0.782      1.41     0.369     0.205
     30/49      3.9G      1.56     0.661      0.25      2.47        40       576     0.754     0.809     0.818      0.78      1.42     0.369     0.212
     31/49      3.9G      1.55     0.683     0.238      2.47        31       544     0.749     0.816     0.816      0.78      1.42     0.367     0.211
     32/49      3.9G      1.56     0.665     0.227      2.45        50       544     0.735      0.82     0.822     0.775       1.4     0.368       0.2
     33/49      3.9G      1.57     0.696     0.228      2.49        40       640     0.739     0.818     0.819     0.776      1.41     0.372     0.208
     34/49      3.9G      1.54     0.654     0.238      2.43        46       608     0.747     0.821     0.821     0.782       1.4     0.364     0.196
     35/49      3.9G      1.57     0.721     0.245      2.54        28       640     0.748     0.815     0.815     0.779      1.41     0.369     0.204
     36/49      3.9G      1.56     0.672     0.237      2.47        30       384     0.764     0.818     0.823      0.79      1.39     0.362     0.202
     37/49      3.9G      1.55      0.66     0.238      2.45        42       576     0.758     0.824     0.822     0.789      1.39     0.366     0.201
     38/49      3.9G      1.53     0.668     0.236      2.43        40       608     0.753     0.823     0.822     0.786      1.39     0.362       0.2
     39/49      3.9G      1.53     0.675     0.228      2.43        29       512     0.763     0.822     0.824     0.791      1.39     0.359     0.197
     40/49      3.9G      1.54     0.665     0.233      2.44        46       608     0.753     0.822     0.823     0.786      1.38     0.362     0.196
     41/49      3.9G      1.53      0.67     0.231      2.43       156       352     0.761     0.828     0.828     0.793      1.38     0.359       0.2
     42/49      3.9G      1.52     0.705     0.231      2.45        32       448     0.756     0.823     0.825     0.788      1.38      0.36     0.199
     43/49      3.9G      1.53     0.683     0.226      2.44        31       608     0.758     0.825     0.825      0.79      1.38     0.363     0.199
     44/49      3.9G      1.53     0.685     0.219      2.43        34       512     0.749     0.827     0.824     0.786      1.38     0.362     0.199
     45/49      3.9G      1.52     0.664     0.201      2.38        33       416     0.751     0.829     0.826     0.788      1.38     0.362     0.201
     46/49      3.9G      1.51     0.678     0.222      2.41        47       576     0.751     0.824     0.824     0.786      1.38      0.36     0.198
     47/49      3.9G      1.52      0.66     0.217       2.4        51       640     0.747     0.829     0.825     0.786      1.38      0.36     0.198
     48/49      3.9G      1.51     0.665      0.22       2.4        34       352     0.756     0.827     0.829      0.79      1.37     0.359     0.195
     49/49      3.9G       1.5     0.658     0.212      2.37        63       320     0.741      0.83     0.827     0.783      1.37     0.361     0.201
