0 0.1455078125 0.7494669509594882 0.0078125 0.023454157782515993
0 0.17724609375 0.7473347547974414 0.0087890625 0.02771855010660981
0 0.21240234375 0.7398720682302772 0.0087890625 0.021321961620469083
0 0.2490234375 0.7409381663113006 0.005859375 0.019189765458422176
0 0.263671875 0.7430703624733476 0.0078125 0.023454157782515993
0 0.29248046875 0.7345415778251599 0.0068359375 0.019189765458422176
0 0.33984375 0.7420042643923241 0.0078125 0.021321961620469083
0 0.36572265625 0.7292110874200426 0.0068359375 0.021321961620469083
0 0.39501953125 0.7260127931769723 0.0068359375 0.023454157782515993
0 0.44482421875 0.7249466950959488 0.0068359375 0.021321961620469083
0 0.435546875 0.7174840085287847 0.005859375 0.023454157782515993
0 0.48876953125 0.7132196162046909 0.0068359375 0.019189765458422176
0 0.5029296875 0.7153518123667377 0.0078125 0.02771855010660981
0 0.54638671875 0.7153518123667377 0.0087890625 0.02771855010660981
0 0.54248046875 0.7068230277185501 0.0068359375 0.023454157782515993
0 0.56982421875 0.7110874200426439 0.0087890625 0.02771855010660981
0 0.5927734375 0.7217484008528785 0.0078125 0.023454157782515993
0 0.603515625 0.7334754797441365 0.0078125 0.021321961620469083
0 0.63330078125 0.7100213219616205 0.0087890625 0.021321961620469083
0 0.64697265625 0.7110874200426439 0.0068359375 0.023454157782515993
0 0.669921875 0.7068230277185501 0.009765625 0.02771855010660981
0 0.71435546875 0.7132196162046909 0.0107421875 0.03624733475479744
0 0.72705078125 0.6929637526652452 0.0107421875 0.029850746268656716
0 0.75048828125 0.685501066098081 0.0107421875 0.031982942430703626
0 0.7802734375 0.6908315565031983 0.009765625 0.0255863539445629
