0 0.36865234375 0.10286458333333333 0.0263671875 0.044270833333333336
0 0.3740234375 0.1640625 0.025390625 0.049479166666666664
0 0.3291015625 0.17838541666666666 0.02734375 0.046875
0 0.29248046875 0.24674479166666666 0.0361328125 0.06380208333333333
0 0.32861328125 0.2649739583333333 0.0283203125 0.045572916666666664
0 0.3955078125 0.23502604166666666 0.03125 0.055989583333333336
0 0.451171875 0.17903645833333334 0.021484375 0.040364583333333336
0 0.49609375 0.16927083333333334 0.02734375 0.046875
0 0.482421875 0.22526041666666666 0.029296875 0.049479166666666664
0 0.43359375 0.24609375 0.0390625 0.06510416666666667
0 0.56591796875 0.2109375 0.0263671875 0.044270833333333336
0 0.56103515625 0.18098958333333334 0.0224609375 0.0390625
0 0.6064453125 0.16276041666666666 0.0234375 0.046875
0 0.63916015625 0.16471354166666666 0.0263671875 0.05078125
0 0.640625 0.23502604166666666 0.029296875 0.05078125
0 0.6015625 0.2864583333333333 0.025390625 0.049479166666666664
0 0.67529296875 0.2994791666666667 0.0341796875 0.0625
0 0.5361328125 0.3268229166666667 0.0390625 0.06770833333333333
0 0.560546875 0.4095052083333333 0.0390625 0.06901041666666667
0 0.666015625 0.3912760416666667 0.037109375 0.061197916666666664
0 0.73095703125 0.3815104166666667 0.0361328125 0.06510416666666667
0 0.38916015625 0.4192708333333333 0.0361328125 0.0625
0 0.21044921875 0.4212239583333333 0.0439453125 0.08203125
0 0.24072265625 0.2923177083333333 0.0419921875 0.08203125
0 0.63623046875 0.4635416666666667 0.0419921875 0.0703125
0 0.75390625 0.44921875 0.0390625 0.0703125
0 0.83056640625 0.443359375 0.0419921875 0.07421875
