0 0.47802734375 0.16904047976011993 0.0419921875 0.03523238380809595
0 0.26806640625 0.8868065967016492 0.0498046875 0.049475262368815595
0 0.0400390625 0.7586206896551724 0.04296875 0.047976011994003
0 0.263671875 0.6019490254872564 0.04296875 0.031484257871064465
0 0.3173828125 0.6394302848575713 0.044921875 0.034482758620689655
0 0.41455078125 0.6964017991004497 0.0419921875 0.037481259370314844
0 0.505859375 0.6592953523238381 0.044921875 0.04272863568215892
0 0.49609375 0.8373313343328336 0.05859375 0.06596701649175413
0 0.67724609375 0.6424287856071964 0.0673828125 0.035982008995502246
0 0.81640625 0.5719640179910045 0.03515625 0.03298350824587706
