0 0.2919921875 0.23978685612788633 0.060546875 0.1349911190053286
0 0.3857421875 0.3765541740674956 0.03125 0.0674955595026643
0 0.439453125 0.4689165186500888 0.017578125 0.03907637655417407
0 0.47705078125 0.5071047957371225 0.0126953125 0.03019538188277087
0 0.5341796875 0.43872113676731794 0.01171875 0.03907637655417407
0 0.60400390625 0.4547069271758437 0.0126953125 0.04262877442273535
0 0.72119140625 0.4493783303730018 0.0107421875 0.035523978685612786
0 0.75390625 0.48934280639431615 0.01171875 0.02664298401420959
0 0.80712890625 0.4937833037300178 0.0146484375 0.028419182948490232
0 0.8671875 0.3827708703374778 0.017578125 0.047957371225577264
