0 0.12890625 0.809228650137741 0.072265625 0.25206611570247933
0 0.201171875 0.2699724517906336 0.07421875 0.25068870523415976
0 0.3466796875 0.4166666666666667 0.044921875 0.14738292011019283
0 0.37939453125 0.30165289256198347 0.0380859375 0.09366391184573003
0 0.42041015625 0.2238292011019284 0.0478515625 0.15289256198347106
0 0.56494140625 0.2568870523415978 0.0712890625 0.22727272727272727
0 0.6435546875 0.19077134986225897 0.0546875 0.1887052341597796
0 0.693359375 0.29201101928374656 0.0859375 0.31129476584022037
0 0.884765625 0.2548209366391185 0.08203125 0.24517906336088155
0 0.96923828125 0.3450413223140496 0.0537109375 0.25206611570247933
0 0.9365234375 0.1618457300275482 0.05078125 0.11983471074380166
