0 0.1904296875 0.2708638360175695 0.04296875 0.08199121522693997
0 0.2353515625 0.26939970717423134 0.0234375 0.043923865300146414
0 0.33203125 0.27232796486090777 0.037109375 0.09077598828696926
0 0.28125 0.27013177159590046 0.009765625 0.016105417276720352
0 0.3935546875 0.2979502196193265 0.037109375 0.08345534407027819
0 0.43017578125 0.3367496339677892 0.0283203125 0.06442166910688141
0 0.470703125 0.3733528550512445 0.029296875 0.055636896046852125
0 0.54736328125 0.3718887262079063 0.0341796875 0.06734992679355783
0 0.59716796875 0.48535871156661786 0.0361328125 0.06588579795021962
0 0.6259765625 0.36822840409956076 0.03125 0.0629575402635432
0 0.689453125 0.3726207906295754 0.033203125 0.06588579795021962
0 0.69873046875 0.3330893118594436 0.0400390625 0.06588579795021962
0 0.7314453125 0.21888726207906295 0.0234375 0.05124450951683748
0 0.79248046875 0.3001464128843338 0.0400390625 0.08199121522693997
0 0.88427734375 0.20790629575402636 0.0498046875 0.0849194729136164
