0 0.2431640625 0.2925877763328999 0.06640625 0.12483745123537061
0 0.31103515625 0.09492847854356307 0.0166015625 0.033810143042912875
0 0.3916015625 0.1176853055916775 0.013671875 0.027308192457737322
0 0.79638671875 0.31924577373211965 0.0634765625 0.13133940182054615
0 0.513671875 0.07152145643693109 0.025390625 0.03901170351105332
0 0.66650390625 0.06631989596879063 0.0185546875 0.033810143042912875
0 0.7431640625 0.14369310793237972 0.017578125 0.02990897269180754
0 0.88525390625 0.16384915474642392 0.0146484375 0.033810143042912875
0 0.38916015625 0.1378413524057217 0.0107421875 0.02080624187256177
0 0.3544921875 0.1352405721716515 0.015625 0.02340702210663199
