0 0.021484375 0.435546875 0.04296875 0.08463541666666667
0 0.06201171875 0.4205729166666667 0.0439453125 0.08854166666666667
0 0.06103515625 0.369140625 0.0419921875 0.07942708333333333
0 0.087890625 0.3997395833333333 0.029296875 0.046875
0 0.11962890625 0.3815104166666667 0.0341796875 0.052083333333333336
0 0.15478515625 0.3880208333333333 0.0302734375 0.049479166666666664
0 0.1982421875 0.38671875 0.0390625 0.07291666666666667
0 0.38671875 0.232421875 0.07421875 0.13411458333333334
0 0.73486328125 0.4283854166666667 0.0244140625 0.036458333333333336
0 0.8251953125 0.466796875 0.01953125 0.03515625
0 0.859375 0.4518229166666667 0.01953125 0.028645833333333332
0 0.90087890625 0.4270833333333333 0.0244140625 0.036458333333333336
0 0.86962890625 0.4459635416666667 0.0107421875 0.022135416666666668
0 0.65234375 0.10481770833333333 0.013671875 0.02734375
0 0.80322265625 0.146484375 0.0107421875 0.01953125
