0 0.02294921875 0.1439873417721519 0.0322265625 0.06329113924050633
0 0.1162109375 0.2143987341772152 0.025390625 0.055379746835443035
0 0.138671875 0.24050632911392406 0.029296875 0.060126582278481014
0 0.22119140625 0.189873417721519 0.0322265625 0.06962025316455696
0 0.2685546875 0.1764240506329114 0.0390625 0.061708860759493674
0 0.29833984375 0.24208860759493672 0.0302734375 0.06645569620253164
0 0.35693359375 0.22231012658227847 0.0283203125 0.06487341772151899
0 0.4033203125 0.22151898734177214 0.03125 0.06645569620253164
0 0.47802734375 0.14556962025316456 0.0322265625 0.060126582278481014
0 0.54248046875 0.189873417721519 0.0322265625 0.06962025316455696
0 0.6630859375 0.1360759493670886 0.033203125 0.07278481012658228
0 0.59326171875 0.27927215189873417 0.0341796875 0.07120253164556962
0 0.71533203125 0.2064873417721519 0.0380859375 0.07120253164556962
0 0.76806640625 0.2175632911392405 0.0400390625 0.08069620253164557
0 0.84326171875 0.31091772151898733 0.0322265625 0.061708860759493674
0 0.93017578125 0.3314873417721519 0.0341796875 0.07753164556962025
