0 0.28271484375 0.22981770833333334 0.0361328125 0.06901041666666667
0 0.36767578125 0.23502604166666666 0.0400390625 0.06901041666666667
0 0.2939453125 0.3587239583333333 0.046875 0.07682291666666667
0 0.2958984375 0.470703125 0.044921875 0.08203125
0 0.40625 0.4680989583333333 0.0390625 0.061197916666666664
0 0.5302734375 0.5514322916666666 0.04296875 0.07682291666666667
0 0.599609375 0.5559895833333334 0.041015625 0.0703125
0 0.47900390625 0.17513020833333334 0.0380859375 0.06640625
0 0.54345703125 0.212890625 0.0380859375 0.06901041666666667
0 0.60205078125 0.181640625 0.0361328125 0.06380208333333333
0 0.69873046875 0.4661458333333333 0.0361328125 0.0625
0 0.77197265625 0.44140625 0.0341796875 0.059895833333333336
0 0.84521484375 0.4537760416666667 0.0380859375 0.06640625
0 0.72705078125 0.638671875 0.0498046875 0.09505208333333333
0 0.68603515625 0.1796875 0.0341796875 0.0625
0 0.79541015625 0.20833333333333334 0.0341796875 0.06510416666666667
0 0.03564453125 0.2682291666666667 0.0068359375 0.013020833333333334
