0 0.2353515625 0.28184480234260617 0.0390625 0.11566617862371889
0 0.5087890625 0.4150805270863836 0.05078125 0.0951683748169839
0 0.62890625 0.37994143484626647 0.044921875 0.08638360175695461
0 0.703125 0.45900439238653 0.0390625 0.0746705710102489
0 0.30126953125 0.6749633967789166 0.0732421875 0.1376281112737921
0 0.11474609375 0.7225475841874085 0.0126953125 0.016105417276720352
0 0.08935546875 0.8133235724743777 0.0146484375 0.021961932650073207
0 0.14208984375 0.767203513909224 0.0126953125 0.020497803806734993
0 0.19970703125 0.7796486090775988 0.0146484375 0.027818448023426062
0 0.21240234375 0.8374816983894583 0.0146484375 0.02635431918008785
0 0.17529296875 0.8557833089311859 0.0185546875 0.027818448023426062
0 0.1416015625 0.8191800878477306 0.013671875 0.021961932650073207
0 0.1064453125 0.8726207906295754 0.021484375 0.032210834553440704
0 0.10693359375 0.9648609077598829 0.0087890625 0.014641288433382138
0 0.1220703125 0.9531478770131772 0.009765625 0.014641288433382138
0 0.14111328125 0.9443631039531479 0.0087890625 0.014641288433382138
0 0.15576171875 0.9297218155197657 0.0087890625 0.014641288433382138
0 0.173828125 0.924597364568082 0.009765625 0.016105417276720352
0 0.1904296875 0.9077598828696926 0.009765625 0.014641288433382138
0 0.20703125 0.9062957540263543 0.009765625 0.014641288433382138
0 0.63232421875 0.7701317715959004 0.0263671875 0.05856515373352855
0 0.89208984375 0.49267935578330896 0.0849609375 0.2240117130307467
0 0.84521484375 0.16691068814055637 0.0205078125 0.043923865300146414
0 0.7705078125 0.8528550512445096 0.02734375 0.05417276720351391
