0 0.27880859375 0.40808823529411764 0.1201171875 0.175
0 0.54736328125 0.5911764705882353 0.0400390625 0.10294117647058823
0 0.6318359375 0.45 0.0234375 0.04411764705882353
0 0.61865234375 0.5617647058823529 0.0322265625 0.061764705882352944
0 0.71630859375 0.4875 0.0263671875 0.057352941176470586
0 0.78564453125 0.8007352941176471 0.0751953125 0.1161764705882353
0 0.7451171875 0.6801470588235294 0.04296875 0.0661764705882353
0 0.9765625 0.6323529411764706 0.044921875 0.1264705882352941
0 0.8447265625 0.5257352941176471 0.044921875 0.08088235294117647
0 0.751953125 0.5279411764705882 0.04296875 0.07352941176470588
