0 0.0419921875 0.29296875 0.03125 0.052083333333333336
0 0.16748046875 0.291015625 0.0322265625 0.055989583333333336
0 0.04736328125 0.3743489583333333 0.0400390625 0.061197916666666664
0 0.1162109375 0.443359375 0.03515625 0.06901041666666667
0 0.20458984375 0.3111979166666667 0.0283203125 0.046875
0 0.20556640625 0.4388020833333333 0.0517578125 0.0859375
0 0.2568359375 0.37109375 0.03125 0.052083333333333336
0 0.26318359375 0.45703125 0.0478515625 0.06510416666666667
0 0.30517578125 0.5078125 0.0439453125 0.06770833333333333
0 0.33447265625 0.408203125 0.0302734375 0.053385416666666664
0 0.373046875 0.4010416666666667 0.046875 0.07552083333333333
0 0.41796875 0.2994791666666667 0.03125 0.044270833333333336
0 0.4404296875 0.3938802083333333 0.052734375 0.10286458333333333
0 0.4580078125 0.4908854166666667 0.05078125 0.09635416666666667
0 0.52978515625 0.4329427083333333 0.0400390625 0.055989583333333336
0 0.5595703125 0.4466145833333333 0.0390625 0.044270833333333336
0 0.58642578125 0.4108072916666667 0.0419921875 0.061197916666666664
0 0.6220703125 0.49609375 0.04296875 0.057291666666666664
0 0.64306640625 0.4173177083333333 0.0380859375 0.06380208333333333
0 0.6982421875 0.431640625 0.03515625 0.053385416666666664
0 0.72412109375 0.4869791666666667 0.0361328125 0.06770833333333333
0 0.76318359375 0.4700520833333333 0.0322265625 0.057291666666666664
0 0.82470703125 0.4069010416666667 0.0400390625 0.06901041666666667
0 0.849609375 0.4127604166666667 0.029296875 0.0625
0 0.89599609375 0.3919270833333333 0.0361328125 0.057291666666666664
0 0.89013671875 0.4440104166666667 0.0361328125 0.057291666666666664
0 0.80908203125 0.501953125 0.0419921875 0.06901041666666667
0 0.888671875 0.515625 0.04296875 0.06770833333333333
0 0.9287109375 0.4303385416666667 0.0234375 0.04296875
0 0.94921875 0.5104166666666666 0.037109375 0.057291666666666664
