0 0.068359375 0.12518195050946143 0.056640625 0.09898107714701601
0 0.19140625 0.1848617176128093 0.05859375 0.10480349344978165
0 0.27587890625 0.1943231441048035 0.0751953125 0.15283842794759825
0 0.3984375 0.1091703056768559 0.0546875 0.10189228529839883
0 0.4287109375 0.26710334788937407 0.064453125 0.14119359534206696
0 0.5419921875 0.22634643377001457 0.072265625 0.15574963609898107
0 0.4814453125 0.13755458515283842 0.01953125 0.048034934497816595
0 0.52392578125 0.08078602620087336 0.0107421875 0.024745269286754003
0 0.568359375 0.07860262008733625 0.015625 0.034934497816593885
0 0.6259765625 0.056768558951965066 0.0234375 0.043668122270742356
0 0.7109375 0.24163027656477437 0.08984375 0.16885007278020378
0 0.03466796875 0.6106259097525473 0.0087890625 0.042212518195050945
0 0.08203125 0.6091703056768559 0.0234375 0.042212518195050945
