0 0.01513671875 0.42595307917888564 0.0224609375 0.051319648093841645
0 0.0341796875 0.4340175953079179 0.029296875 0.06744868035190615
0 0.12158203125 0.3460410557184751 0.0126953125 0.04105571847507331
0 0.12109375 0.436950146627566 0.03125 0.06158357771260997
0 0.146484375 0.4237536656891496 0.03515625 0.06744868035190615
0 0.22216796875 0.41055718475073316 0.0322265625 0.06744868035190615
0 0.25341796875 0.3189149560117302 0.0244140625 0.04252199413489736
0 0.2763671875 0.41935483870967744 0.029296875 0.05571847507331378
0 0.30908203125 0.3563049853372434 0.0283203125 0.05278592375366569
0 0.3125 0.3313782991202346 0.025390625 0.05278592375366569
0 0.48681640625 0.16788856304985336 0.0517578125 0.1187683284457478
0 0.52587890625 0.2434017595307918 0.0087890625 0.02346041055718475
0 0.62890625 0.1656891495601173 0.0390625 0.10557184750733138
0 0.6064453125 0.2866568914956012 0.017578125 0.054252199413489736
0 0.50927734375 0.3555718475073314 0.0244140625 0.060117302052785926
0 0.5380859375 0.40175953079178883 0.03515625 0.06744868035190615
0 0.56640625 0.3658357771260997 0.03125 0.06598240469208211
0 0.5498046875 0.4626099706744868 0.03515625 0.0747800586510264
0 0.59326171875 0.43328445747800587 0.0341796875 0.0718475073313783
0 0.80908203125 0.34310850439882695 0.0380859375 0.07917888563049853
0 0.81005859375 0.3057184750733138 0.0322265625 0.06304985337243402
0 0.896484375 0.4142228739002933 0.017578125 0.051319648093841645
0 0.93017578125 0.33651026392961875 0.0322265625 0.06598240469208211
0 0.96630859375 0.313049853372434 0.0322265625 0.05718475073313783
0 0.97119140625 0.4406158357771261 0.0361328125 0.0689149560117302
0 0.095703125 0.4347507331378299 0.01953125 0.051319648093841645
