0 0.19580078125 0.28685714285714287 0.0576171875 0.07542857142857143
0 0.26953125 0.28685714285714287 0.044921875 0.06628571428571428
0 0.41015625 0.28114285714285714 0.046875 0.07771428571428571
0 0.52392578125 0.284 0.0419921875 0.07428571428571429
0 0.57666015625 0.24114285714285713 0.0380859375 0.05714285714285714
0 0.67919921875 0.308 0.0419921875 0.06285714285714286
0 0.75244140625 0.30114285714285716 0.0380859375 0.056
0 0.81640625 0.32171428571428573 0.041015625 0.06514285714285714
0 0.91943359375 0.316 0.0439453125 0.060571428571428575
0 0.67626953125 0.15714285714285714 0.0126953125 0.024
0 0.68212890625 0.11771428571428572 0.0048828125 0.011428571428571429
0 0.6728515625 0.1 0.005859375 0.012571428571428572
0 0.6591796875 0.09485714285714286 0.005859375 0.011428571428571429
0 0.64111328125 0.104 0.0068359375 0.011428571428571429
0 0.626953125 0.09657142857142857 0.005859375 0.012571428571428572
0 0.6083984375 0.09371428571428571 0.0078125 0.013714285714285714
0 0.58740234375 0.136 0.0068359375 0.013714285714285714
0 0.580078125 0.1382857142857143 0.005859375 0.013714285714285714
0 0.5947265625 0.09714285714285714 0.0078125 0.009142857142857144
0 0.5810546875 0.10514285714285715 0.005859375 0.011428571428571429
0 0.5625 0.10057142857142858 0.0078125 0.013714285714285714
0 0.45166015625 0.08628571428571429 0.0068359375 0.014857142857142857
0 0.43896484375 0.08571428571428572 0.0048828125 0.013714285714285714
0 0.42431640625 0.08228571428571428 0.0068359375 0.011428571428571429
0 0.40771484375 0.07942857142857143 0.0087890625 0.010285714285714285
0 0.30419921875 0.09314285714285714 0.0068359375 0.014857142857142857
0 0.5078125 0.084 0.005859375 0.010285714285714285
0 0.525390625 0.104 0.0078125 0.009142857142857144
0 0.39208984375 0.08 0.0087890625 0.011428571428571429
0 0.35205078125 0.1 0.0087890625 0.017142857142857144
0 0.31005859375 0.12628571428571428 0.0087890625 0.014857142857142857
0 0.3701171875 0.09142857142857143 0.009765625 0.016
0 0.60693359375 0.11885714285714286 0.0068359375 0.011428571428571429
