0 0.08740234375 0.16459627329192547 0.0107421875 0.013112491373360938
0 0.3916015625 0.2153209109730849 0.01953125 0.006901311249137336
0 0.78369140625 0.1663216011042098 0.0185546875 0.016563146997929608
0 0.123046875 0.37646652864044167 0.01953125 0.01725327812284334
0 0.4462890625 0.3771566597653554 0.017578125 0.01725327812284334
0 0.78076171875 0.37922705314009664 0.0107421875 0.015873015873015872
0 0.06787109375 0.6511387163561076 0.0224609375 0.006211180124223602
0 0.46240234375 0.6287094547964113 0.0205078125 0.008281573498964804
0 0.74560546875 0.5845410628019324 0.0126953125 0.01518288474810214
0 0.138671875 0.800552104899931 0.013671875 0.01518288474810214
0 0.51220703125 0.7991718426501035 0.0146484375 0.016563146997929608
0 0.74560546875 0.8509316770186336 0.0185546875 0.004140786749482402
