0 0.06494140625 0.07875457875457875 0.0302734375 0.06227106227106227
0 0.21728515625 0.08974358974358974 0.0341796875 0.09157509157509157
0 0.5029296875 0.20146520146520147 0.087890625 0.1794871794871795
0 0.791015625 0.21245421245421245 0.029296875 0.06593406593406594
0 0.8525390625 0.1446886446886447 0.03125 0.06227106227106227
0 0.931640625 0.09340659340659341 0.033203125 0.07326007326007326
0 0.95166015625 0.4478021978021978 0.0419921875 0.09340659340659341
0 0.79150390625 0.45787545787545786 0.0361328125 0.08058608058608059
0 0.48583984375 0.4945054945054945 0.1201171875 0.315018315018315
0 0.2001953125 0.44963369963369965 0.0390625 0.10073260073260074
0 0.06689453125 0.45604395604395603 0.0517578125 0.11355311355311355
0 0.04833984375 0.8159340659340659 0.0185546875 0.056776556776556776
0 0.1220703125 0.8131868131868132 0.02734375 0.0695970695970696
0 0.2197265625 0.7481684981684982 0.0234375 0.07875457875457875
0 0.5185546875 0.8507326007326007 0.083984375 0.21794871794871795
0 0.87939453125 0.7994505494505495 0.0693359375 0.163003663003663
