0 0.21142578125 0.37042459736456806 0.0615234375 0.14055636896046853
0 0.4501953125 0.24084919472913616 0.0625 0.14494875549048317
0 0.578125 0.369692532942899 0.07421875 0.16251830161054173
0 0.7255859375 0.17423133235724744 0.0390625 0.06734992679355783
0 0.7470703125 0.09370424597364568 0.033203125 0.06442166910688141
0 0.76953125 0.116398243045388 0.029296875 0.0629575402635432
0 0.8173828125 0.04172767203513909 0.029296875 0.0424597364568082
0 0.51220703125 0.1171303074670571 0.0341796875 0.06734992679355783
0 0.43994140625 0.08931185944363104 0.0361328125 0.0849194729136164
0 0.29833984375 0.12298682284040996 0.0341796875 0.06734992679355783
0 0.208984375 0.16471449487554904 0.041015625 0.07174231332357248
0 0.3154296875 0.05197657393850659 0.029296875 0.06588579795021962
0 0.95654296875 0.09956076134699854 0.0341796875 0.06442166910688141
0 0.33056640625 0.02855051244509517 0.0224609375 0.04538799414348463
