0 0.0263671875 0.5574712643678161 0.037109375 0.06002554278416347
0 0.03173828125 0.6436781609195402 0.0400390625 0.06385696040868455
0 0.4052734375 0.3454661558109834 0.033203125 0.06513409961685823
0 0.44775390625 0.3128991060025543 0.0439453125 0.07407407407407407
0 0.55517578125 0.6187739463601533 0.0341796875 0.06513409961685823
0 0.6162109375 0.36334610472541506 0.037109375 0.06257982120051085
0 0.73779296875 0.33780332056194123 0.0380859375 0.07790549169859515
0 0.7666015625 0.5938697318007663 0.044921875 0.07151979565772669
0 0.953125 0.603448275862069 0.041015625 0.07279693486590039
0 0.79248046875 0.3544061302681992 0.0322265625 0.070242656449553
