0 0.09130859375 0.3893805309734513 0.0322265625 0.061946902654867256
0 0.171875 0.3584070796460177 0.025390625 0.05014749262536873
0 0.2353515625 0.3392330383480826 0.0234375 0.05309734513274336
0 0.2734375 0.3746312684365782 0.0234375 0.05014749262536873
0 0.3427734375 0.3561946902654867 0.0234375 0.045722713864306784
0 0.4111328125 0.3495575221238938 0.021484375 0.035398230088495575
0 0.44140625 0.35914454277286134 0.021484375 0.045722713864306784
0 0.50927734375 0.3525073746312684 0.0224609375 0.038348082595870206
0 0.5625 0.35766961651917406 0.01953125 0.048672566371681415
0 0.59033203125 0.35914454277286134 0.0224609375 0.05752212389380531
0 0.623046875 0.35103244837758113 0.021484375 0.05014749262536873
0 0.19775390625 0.5361356932153393 0.0283203125 0.05457227138643068
0 0.6591796875 0.3746312684365782 0.0234375 0.05014749262536873
0 0.59375 0.5066371681415929 0.025390625 0.05457227138643068
0 0.498046875 0.49041297935103245 0.02734375 0.06342182890855458
0 0.4111328125 0.5103244837758112 0.02734375 0.05604719764011799
0 0.2958984375 0.49852507374631266 0.029296875 0.05604719764011799
0 0.6767578125 0.34513274336283184 0.021484375 0.035398230088495575
0 0.70166015625 0.3724188790560472 0.0224609375 0.045722713864306784
0 0.7314453125 0.37168141592920356 0.0234375 0.05309734513274336
0 0.765625 0.35398230088495575 0.021484375 0.04424778761061947
0 0.80224609375 0.37168141592920356 0.0244140625 0.058997050147492625
0 0.86376953125 0.37315634218289084 0.0244140625 0.05014749262536873
0 0.8798828125 0.5206489675516224 0.02734375 0.06784660766961652
0 0.806640625 0.5457227138643068 0.02734375 0.05309734513274336
0 0.6923828125 0.5073746312684366 0.02734375 0.05309734513274336
