0 0.08447265625 0.3444924406047516 0.0185546875 0.06695464362850972
0 0.12109375 0.296976241900648 0.0234375 0.0755939524838013
0 0.17724609375 0.3045356371490281 0.0263671875 0.07775377969762419
0 0.23828125 0.3045356371490281 0.017578125 0.07775377969762419
0 0.2529296875 0.3228941684665227 0.021484375 0.07127429805615551
0 0.30224609375 0.2710583153347732 0.0146484375 0.06695464362850972
0 0.33740234375 0.2840172786177106 0.0224609375 0.06263498920086392
0 0.41796875 0.3120950323974082 0.01953125 0.07127429805615551
0 0.45263671875 0.29265658747300216 0.0283203125 0.0755939524838013
0 0.5009765625 0.19222462203023757 0.01171875 0.08207343412526998
0 0.54736328125 0.20518358531317496 0.0166015625 0.06911447084233262
0 0.64599609375 0.22570194384449244 0.0166015625 0.07127429805615551
0 0.71923828125 0.2591792656587473 0.0263671875 0.09071274298056156
0 0.83349609375 0.31533477321814257 0.0283203125 0.07775377969762419
0 0.7646484375 0.2688984881209503 0.0234375 0.09287257019438445
0 0.912109375 0.22138228941684665 0.03125 0.08855291576673865
0 0.92236328125 0.14254859611231102 0.0322265625 0.08207343412526998
0 0.3388671875 0.896328293736501 0.017578125 0.05183585313174946
