0 0.42529296875 0.8196614583333334 0.0087890625 0.01953125
0 0.44140625 0.8365885416666666 0.013671875 0.022135416666666668
0 0.48486328125 0.8177083333333334 0.0126953125 0.0234375
0 0.4697265625 0.8040364583333334 0.009765625 0.016927083333333332
0 0.55615234375 0.8157552083333334 0.0087890625 0.01953125
0 0.55224609375 0.8151041666666666 0.0087890625 0.020833333333333332
0 0.47021484375 0.755859375 0.0048828125 0.009114583333333334
0 0.390625 0.8157552083333334 0.013671875 0.022135416666666668
0 0.31103515625 0.8098958333333334 0.0107421875 0.018229166666666668
0 0.59326171875 0.7916666666666666 0.0107421875 0.018229166666666668
