0 0.927734375 0.5014556040756915 0.029296875 0.07132459970887918
0 0.21484375 0.40465793304221254 0.05859375 0.1222707423580786
0 0.3994140625 0.17612809315866085 0.03515625 0.06986899563318777
0 0.513671875 0.17540029112081515 0.03125 0.06550218340611354
0 0.58984375 0.22270742358078602 0.0234375 0.06404657933042213
0 0.45849609375 0.4104803493449782 0.0634765625 0.18340611353711792
0 0.5107421875 0.4126637554585153 0.068359375 0.13828238719068414
0 0.54931640625 0.4585152838427948 0.0361328125 0.07569141193595343
0 0.68701171875 0.46797671033478894 0.0771484375 0.1615720524017467
0 0.77001953125 0.4949053857350801 0.0517578125 0.10480349344978165
0 0.68896484375 0.28457059679767105 0.0224609375 0.053857350800582245
0 0.76025390625 0.25109170305676853 0.0283203125 0.06550218340611354
0 0.87744140625 0.2918486171761281 0.0263671875 0.053857350800582245
0 0.69921875 0.4898107714701601 0.064453125 0.1324599708879185
