0 0.33447265625 0.33991537376586745 0.1162109375 0.18053596614950634
0 0.47021484375 0.5225669957686883 0.0986328125 0.1847672778561354
0 0.5830078125 0.4703808180535966 0.087890625 0.17348377997179126
0 0.92236328125 0.47461212976022565 0.0166015625 0.03244005641748942
0 0.8515625 0.8822284908321579 0.005859375 0.015514809590973202
0 0.87646484375 0.8716502115655853 0.0068359375 0.01692524682651622
0 0.90234375 0.8956276445698167 0.005859375 0.014104372355430184
0 0.85400390625 0.9308885754583921 0.0068359375 0.01692524682651622
0 0.8818359375 0.9414668547249647 0.0078125 0.015514809590973202
0 0.7861328125 0.4315937940761636 0.00390625 0.00846262341325811
