0 0.01953125 0.08203125 0.037109375 0.08333333333333333
0 0.12060546875 0.0859375 0.0693359375 0.11197916666666667
0 0.1728515625 0.14973958333333334 0.02734375 0.0703125
0 0.20654296875 0.08203125 0.0400390625 0.07291666666666667
0 0.28857421875 0.08138020833333333 0.0673828125 0.12109375
0 0.36328125 0.14127604166666666 0.044921875 0.07161458333333333
0 0.46630859375 0.061848958333333336 0.0634765625 0.10026041666666667
0 0.61962890625 0.3046875 0.1376953125 0.22135416666666666
0 0.8125 0.173828125 0.1171875 0.24869791666666666
0 0.86767578125 0.255859375 0.1142578125 0.2565104166666667
