0 0.04052734375 0.5471281296023565 0.0380859375 0.054491899852724596
0 0.08251953125 0.48748159057437407 0.0283203125 0.07069219440353461
0 0.20166015625 0.4057437407952872 0.0380859375 0.0898379970544919
0 0.2861328125 0.39911634756995584 0.048828125 0.10014727540500737
0 0.416015625 0.5522827687776142 0.02734375 0.05891016200294551
0 0.4697265625 0.5589101620029455 0.03515625 0.07511045655375552
0 0.47314453125 0.8276877761413843 0.0498046875 0.09720176730486009
0 0.57568359375 0.4381443298969072 0.0400390625 0.08394698085419734
0 0.74365234375 0.4027982326951399 0.0537109375 0.11929307805596466
0 0.87744140625 0.3696612665684831 0.0634765625 0.10898379970544919
