0 0.0634765625 0.09068627450980392 0.025390625 0.03627450980392157
0 0.109375 0.11470588235294117 0.02734375 0.029411764705882353
0 0.23291015625 0.1627450980392157 0.0283203125 0.0392156862745098
0 0.2412109375 0.10588235294117647 0.02734375 0.0392156862745098
0 0.32763671875 0.13578431372549019 0.0380859375 0.04607843137254902
0 0.38623046875 0.1607843137254902 0.0400390625 0.047058823529411764
0 0.6728515625 0.045098039215686274 0.041015625 0.054901960784313725
0 0.74169921875 0.08872549019607844 0.0400390625 0.059803921568627454
0 0.75439453125 0.4377450980392157 0.0322265625 0.04411764705882353
0 0.802734375 0.40931372549019607 0.041015625 0.05
0 0.22265625 0.7901960784313725 0.017578125 0.021568627450980392
0 0.34765625 0.7843137254901961 0.015625 0.023529411764705882
0 0.64111328125 0.8397058823529412 0.0439453125 0.05392156862745098
