0 0.35400390625 0.3183150183150183 0.3544921875 0.3054945054945055
0 0.73095703125 0.39816849816849814 0.3720703125 0.35824175824175825
0 0.79931640625 0.09597069597069598 0.0263671875 0.03223443223443224
0 0.1259765625 0.16446886446886447 0.03125 0.03296703296703297
0 0.25830078125 0.0978021978021978 0.0126953125 0.012454212454212455
0 0.3662109375 0.09157509157509157 0.017578125 0.01611721611721612
0 0.6640625 0.07032967032967033 0.01953125 0.01611721611721612
0 0.1884765625 0.08974358974358974 0.013671875 0.01391941391941392
0 0.66748046875 0.09267399267399268 0.0126953125 0.012454212454212455
0 0.2880859375 0.08315018315018315 0.015625 0.01098901098901099
0 0.15185546875 0.1087912087912088 0.0107421875 0.01391941391941392
