0 0.96923828125 0.34650259067357514 0.0595703125 0.06476683937823834
0 0.60791015625 0.3863341968911917 0.0634765625 0.05116580310880829
0 0.53955078125 0.3805051813471503 0.0830078125 0.06800518134715026
0 0.28564453125 0.3626943005181347 0.0693359375 0.05699481865284974
0 0.16162109375 0.38406735751295334 0.0166015625 0.012953367875647668
0 0.02587890625 0.4067357512953368 0.0517578125 0.05829015544041451
0 0.35791015625 0.38439119170984454 0.0107421875 0.008419689119170985
0 0.74755859375 0.37661917098445596 0.0146484375 0.012305699481865285
0 0.82080078125 0.37305699481865284 0.0107421875 0.010362694300518135
0 0.328125 0.391839378238342 0.013671875 0.011658031088082901
