0 0.70654296875 0.458984375 0.0185546875 0.029947916666666668
0 0.6494140625 0.4609375 0.01953125 0.033854166666666664
0 0.59814453125 0.447265625 0.0205078125 0.03515625
0 0.533203125 0.4583333333333333 0.01953125 0.03125
0 0.484375 0.4609375 0.017578125 0.036458333333333336
0 0.41064453125 0.423828125 0.0205078125 0.03515625
0 0.330078125 0.421875 0.01953125 0.033854166666666664
0 0.2509765625 0.4140625 0.021484375 0.036458333333333336
0 0.16015625 0.3938802083333333 0.025390625 0.04296875
0 0.072265625 0.40234375 0.025390625 0.033854166666666664
