0 0.64453125 0.2406380027739251 0.09375 0.17337031900138697
0 0.7216796875 0.22330097087378642 0.05859375 0.1553398058252427
0 0.34033203125 0.32940360610263525 0.0693359375 0.12343966712898752
0 0.2041015625 0.3779472954230236 0.0625 0.15117891816920942
0 0.1318359375 0.14909847434119278 0.044921875 0.10124826629680998
0 0.2861328125 0.15187239944521497 0.03125 0.05131761442441054
0 0.0849609375 0.39667128987517336 0.05859375 0.08876560332871013
0 0.064453125 0.23717059639389737 0.0390625 0.06934812760055478
0 0.24853515625 0.3120665742024965 0.0654296875 0.12205270457697642
0 0.8955078125 0.3446601941747573 0.068359375 0.14563106796116504
