0 0.2705078125 0.03578595317725752 0.037109375 0.031438127090301006
0 0.24072265625 0.08461538461538462 0.0498046875 0.044816053511705686
0 0.166015625 0.16187290969899665 0.07421875 0.07090301003344482
0 0.50537109375 0.09230769230769231 0.1142578125 0.10301003344481606
0 0.70263671875 0.08561872909698996 0.1064453125 0.09765886287625418
0 0.51025390625 0.37926421404682276 0.0908203125 0.07357859531772576
0 0.6220703125 0.391304347826087 0.060546875 0.06555183946488294
0 0.251953125 0.5033444816053512 0.0390625 0.07157190635451505
0 0.4013671875 0.7548494983277592 0.044921875 0.04080267558528428
0 0.16357421875 0.808361204013378 0.0283203125 0.0274247491638796
0 0.1884765625 0.7983277591973245 0.01953125 0.01939799331103679
0 0.24609375 0.7816053511705685 0.025390625 0.023411371237458192
0 0.66845703125 0.7939799331103679 0.0283203125 0.034782608695652174
0 0.8291015625 0.7725752508361204 0.033203125 0.04147157190635452
0 0.91748046875 0.796989966555184 0.0556640625 0.03946488294314381
0 0.85546875 0.1862876254180602 0.083984375 0.07959866220735785
0 0.97412109375 0.1294314381270903 0.0498046875 0.07424749163879599
0 0.30029296875 0.6040133779264214 0.0673828125 0.05217391304347826
0 0.4189453125 0.5782608695652174 0.060546875 0.05551839464882943
0 0.73779296875 0.796989966555184 0.0302734375 0.03678929765886288
0 0.712890625 0.8274247491638796 0.03515625 0.032107023411371234
0 0.0556640625 0.8046822742474916 0.029296875 0.028093645484949834
0 0.11767578125 0.8324414715719064 0.0224609375 0.03545150501672241
0 0.44287109375 0.03411371237458194 0.0693359375 0.06153846153846154
0 0.53662109375 0.7859531772575251 0.0302734375 0.028093645484949834
0 0.49072265625 0.7839464882943143 0.0380859375 0.033444816053511704
0 0.984375 0.7909698996655519 0.03125 0.0274247491638796
