0 0.4150390625 0.888671875 0.01171875 0.040364583333333336
0 0.0361328125 0.5859375 0.005859375 0.020833333333333332
0 0.70947265625 0.4973958333333333 0.0048828125 0.013020833333333334
0 0.7001953125 0.4889322916666667 0.0078125 0.016927083333333332
0 0.658203125 0.4876302083333333 0.0078125 0.014322916666666666
0 0.626953125 0.48828125 0.005859375 0.015625
0 0.57373046875 0.4850260416666667 0.0068359375 0.014322916666666666
0 0.49755859375 0.4837239583333333 0.0068359375 0.01171875
0 0.4521484375 0.4778645833333333 0.0078125 0.013020833333333334
0 0.40966796875 0.4602864583333333 0.0068359375 0.014322916666666666
0 0.365234375 0.466796875 0.0078125 0.01171875
0 0.28759765625 0.4563802083333333 0.0068359375 0.01171875
0 0.33642578125 0.4654947916666667 0.0068359375 0.014322916666666666
0 0.25927734375 0.451171875 0.0068359375 0.014322916666666666
0 0.4228515625 0.4856770833333333 0.005859375 0.015625
