0 0.45263671875 0.637444279346211 0.0322265625 0.08915304606240713
0 0.23974609375 0.5601783060921248 0.0361328125 0.09212481426448738
0 0.08203125 0.6508172362555721 0.041015625 0.0861812778603269
0 0.2705078125 0.475482912332838 0.03125 0.08320950965824665
0 0.38037109375 0.41530460624071325 0.0263671875 0.08766716196136701
0 0.208984375 0.38410104011887075 0.037109375 0.06983655274888559
0 0.0830078125 0.44205052005943535 0.041015625 0.0787518573551263
0 0.39013671875 0.2838038632986627 0.0322265625 0.08320950965824665
0 0.42138671875 0.20579494799405645 0.0263671875 0.06686478454680535
0 0.41015625 0.12852897473997027 0.033203125 0.06686478454680535
0 0.27685546875 0.11738484398216939 0.0263671875 0.06537890044576523
0 0.22900390625 0.1612184249628529 0.0361328125 0.0787518573551263
0 0.08642578125 0.2919762258543834 0.0380859375 0.0787518573551263
0 0.06005859375 0.17013372956909362 0.0361328125 0.0638930163447251
0 0.1337890625 0.08023774145616643 0.033203125 0.0713224368499257
0 0.30517578125 0.03268945022288262 0.0224609375 0.05052005943536404
0 0.1748046875 0.0237741456166419 0.029296875 0.020802377414561663
0 0.06201171875 0.010401188707280832 0.0302734375 0.020802377414561663
0 0.91796875 0.6485884101040119 0.033203125 0.08469539375928678
0 0.78662109375 0.5891530460624071 0.0419921875 0.08469539375928678
0 0.57080078125 0.638187221396731 0.0244140625 0.08172362555720654
0 0.90087890625 0.43684992570579495 0.0419921875 0.08023774145616643
0 0.75390625 0.42719167904903416 0.037109375 0.06983655274888559
0 0.5693359375 0.45988112927191677 0.03515625 0.07280832095096583
0 0.58740234375 0.2971768202080238 0.0322265625 0.0713224368499257
0 0.7705078125 0.3209509658246657 0.03125 0.05943536404160475
0 0.75244140625 0.28826151560178304 0.0322265625 0.05943536404160475
0 0.9130859375 0.27414561664190196 0.037109375 0.07578008915304606
0 0.89013671875 0.30906389301634474 0.0244140625 0.05943536404160475
0 0.92578125 0.17013372956909362 0.025390625 0.05794947994056464
0 0.8212890625 0.1775631500742942 0.029296875 0.0549777117384844
0 0.724609375 0.10326894502228826 0.03125 0.06983655274888559
0 0.60888671875 0.11589895988112928 0.0283203125 0.05943536404160475
0 0.54638671875 0.1263001485884101 0.0205078125 0.06240713224368499
0 0.7626953125 0.04977711738484398 0.029296875 0.06092124814264487
0 0.66796875 0.02823179791976226 0.0234375 0.05646359583952452
0 0.57177734375 0.24219910846953938 0.0322265625 0.06835066864784546
