0 0.0263671875 0.47235772357723577 0.046875 0.11219512195121951
0 0.0107421875 0.6105691056910569 0.01953125 0.11219512195121951
0 0.07861328125 0.6252032520325204 0.0576171875 0.13170731707317074
0 0.17431640625 0.6333333333333333 0.0517578125 0.10894308943089431
0 0.21875 0.6934959349593496 0.05859375 0.13495934959349593
0 0.45458984375 0.6691056910569105 0.0341796875 0.13495934959349593
0 0.59423828125 0.32439024390243903 0.0458984375 0.13170731707317074
0 0.6533203125 0.3642276422764228 0.05859375 0.11707317073170732
0 0.72705078125 0.3569105691056911 0.0576171875 0.10569105691056911
0 0.861328125 0.3154471544715447 0.056640625 0.13333333333333333
0 0.9375 0.3121951219512195 0.05859375 0.12682926829268293
0 0.93017578125 0.20894308943089432 0.0498046875 0.1024390243902439
0 0.43408203125 0.4902439024390244 0.0341796875 0.12845528455284552
