0 0.40771484375 0.34575389948006935 0.0732421875 0.14038128249566725
0 0.30517578125 0.26429809358752165 0.0244140625 0.053726169844020795
0 0.4541015625 0.16464471403812825 0.029296875 0.0658578856152513
0 0.443359375 0.08232235701906412 0.025390625 0.053726169844020795
0 0.4814453125 0.06759098786828423 0.01171875 0.0415944540727903
0 0.375 0.07192374350086655 0.021484375 0.053726169844020795
0 0.2744140625 0.060658578856152515 0.0234375 0.05199306759098787
0 0.28955078125 0.08405545927209705 0.0126953125 0.03292894280762565
0 0.2431640625 0.09098786828422877 0.013671875 0.043327556325823226
0 0.23974609375 0.049393414211438474 0.0146484375 0.03986135181975736
0 0.19287109375 0.047660311958405546 0.0205078125 0.04679376083188908
0 0.1220703125 0.047660311958405546 0.021484375 0.043327556325823226
0 0.0966796875 0.0511265164644714 0.017578125 0.04679376083188908
0 0.08251953125 0.05545927209705372 0.0224609375 0.045060658578856154
0 0.00732421875 0.03552859618717504 0.0146484375 0.053726169844020795
0 0.171875 0.060658578856152515 0.01171875 0.03119584055459272
