0 0.93359375 0.39481268011527376 0.01953125 0.040345821325648415
0 0.88720703125 0.3854466858789625 0.0126953125 0.04178674351585014
0 0.8310546875 0.41138328530259366 0.015625 0.03602305475504323
0 0.740234375 0.37680115273775217 0.017578125 0.03602305475504323
0 0.65185546875 0.38760806916426516 0.0107421875 0.0345821325648415
0 0.61474609375 0.3688760806916426 0.0107421875 0.0345821325648415
0 0.60205078125 0.36095100864553314 0.0166015625 0.03602305475504323
0 0.55908203125 0.38256484149855907 0.0107421875 0.03025936599423631
0 0.51611328125 0.3818443804034582 0.0107421875 0.0345821325648415
0 0.48779296875 0.37680115273775217 0.0146484375 0.03314121037463977
0 0.40576171875 0.3559077809798271 0.0107421875 0.03170028818443804
0 0.3779296875 0.37896253602305474 0.015625 0.03170028818443804
0 0.330078125 0.37319884726224783 0.015625 0.03170028818443804
0 0.2724609375 0.3804034582132565 0.009765625 0.0345821325648415
0 0.2421875 0.39553314121037464 0.015625 0.027377521613832854
0 0.18408203125 0.37175792507204614 0.0146484375 0.03170028818443804
0 0.16064453125 0.37680115273775217 0.0068359375 0.012968299711815562
0 0.1123046875 0.38256484149855907 0.01171875 0.024495677233429394
0 0.04638671875 0.3796829971181556 0.0166015625 0.027377521613832854
0 0.70556640625 0.4034582132564842 0.0146484375 0.02881844380403458
0 0.74853515625 0.3739193083573487 0.0166015625 0.03890489913544669
