0 0.2734375 0.8223201174743024 0.029296875 0.049926578560939794
0 0.0927734375 0.6916299559471366 0.02734375 0.04698972099853157
0 0.2255859375 0.4698972099853157 0.0234375 0.0381791483113069
0 0.2880859375 0.49926578560939794 0.02734375 0.055800293685756244
0 0.458984375 0.4008810572687225 0.017578125 0.04405286343612335
0 0.4873046875 0.41409691629955947 0.0234375 0.0381791483113069
0 0.57421875 0.40822320117474303 0.0234375 0.041116005873715125
0 0.59423828125 0.5939794419970631 0.0185546875 0.033773861967694566
0 0.6611328125 0.48164464023494863 0.0234375 0.049926578560939794
0 0.67236328125 0.42290748898678415 0.0205078125 0.032305433186490456
0 0.75439453125 0.4353891336270191 0.0263671875 0.0513950073421439
0 0.8173828125 0.45301027900146845 0.0234375 0.042584434654919234
0 0.63134765625 0.4566813509544787 0.0107421875 0.023494860499265784
0 0.34033203125 0.4948604992657856 0.0087890625 0.020558002936857563
0 0.396484375 0.40161527165932454 0.02734375 0.04552129221732746
