0 0.609375 0.40963855421686746 0.025390625 0.055077452667814115
0 0.3994140625 0.36660929432013767 0.0234375 0.0757314974182444
0 0.32861328125 0.43631669535283996 0.0205078125 0.07056798623063683
0 0.28369140625 0.37005163511187605 0.0224609375 0.08261617900172118
0 0.23193359375 0.36919104991394147 0.0302734375 0.10154905335628227
0 0.1953125 0.37779690189328746 0.025390625 0.09466437177280551
0 0.103515625 0.3838209982788296 0.02734375 0.0963855421686747
0 0.16455078125 0.39328743545611017 0.0263671875 0.10843373493975904
0 0.39208984375 0.43459552495697074 0.0166015625 0.04991394148020654
0 0.373046875 0.43115318416523235 0.017578125 0.05679862306368331
