0 0.4384765625 0.16292134831460675 0.11328125 0.15168539325842698
0 0.939453125 0.4147940074906367 0.08984375 0.06741573033707865
0 0.8935546875 0.2752808988764045 0.060546875 0.06554307116104868
0 0.98681640625 0.2818352059925094 0.0263671875 0.031835205992509365
0 0.8310546875 0.3403558052434457 0.01953125 0.023408239700374533
0 0.80419921875 0.2991573033707865 0.0263671875 0.02902621722846442
0 0.8681640625 0.31179775280898875 0.0234375 0.035580524344569285
0 0.75146484375 0.3136704119850187 0.0224609375 0.026217228464419477
0 0.70751953125 0.37359550561797755 0.0185546875 0.02247191011235955
0 0.6923828125 0.325374531835206 0.021484375 0.027153558052434457
0 0.67578125 0.3038389513108614 0.021484375 0.023408239700374533
0 0.72802734375 0.3192883895131086 0.0166015625 0.020599250936329586
0 0.7080078125 0.31741573033707865 0.017578125 0.02247191011235955
0 0.8232421875 0.29307116104868913 0.017578125 0.02247191011235955
