0 0.7255859375 0.19794188861985473 0.111328125 0.16343825665859565
0 0.57470703125 0.33292978208232443 0.0302734375 0.04116222760290557
0 0.42822265625 0.3032687651331719 0.0908203125 0.15375302663438256
0 0.1298828125 0.4648910411622276 0.0625 0.09927360774818401
0 0.21044921875 0.41222760290556903 0.0380859375 0.05447941888619855
0 0.06494140625 0.3855932203389831 0.0439453125 0.05447941888619855
0 0.13427734375 0.3159806295399516 0.0244140625 0.0387409200968523
0 0.025390625 0.30024213075060535 0.029296875 0.04116222760290557
0 0.201171875 0.31174334140435833 0.0234375 0.0423728813559322
0 0.25927734375 0.2754237288135593 0.0185546875 0.02784503631961259
0 0.16357421875 0.29963680387409203 0.0205078125 0.03268765133171913
0 0.17578125 0.2397094430992736 0.01953125 0.026634382566585957
0 0.26171875 0.23365617433414043 0.01953125 0.026634382566585957
0 0.52099609375 0.31113801452784506 0.0263671875 0.04600484261501211
0 0.5185546875 0.22820823244552058 0.01953125 0.03026634382566586
0 0.6044921875 0.2639225181598063 0.025390625 0.0387409200968523
0 0.58447265625 0.1410411622276029 0.0224609375 0.03753026634382567
