0 0.0537109375 0.8368869936034116 0.021484375 0.06609808102345416
0 0.3154296875 0.7473347547974414 0.01953125 0.06183368869936034
0 0.3232421875 0.94136460554371 0.017578125 0.06609808102345416
0 0.37890625 0.8507462686567164 0.017578125 0.046908315565031986
0 0.26513671875 0.8763326226012793 0.0126953125 0.05543710021321962
0 0.34912109375 0.21428571428571427 0.0087890625 0.031982942430703626
0 0.390625 0.2068230277185501 0.0078125 0.021321961620469083
0 0.412109375 0.21002132196162046 0.0078125 0.02771855010660981
0 0.4189453125 0.2931769722814499 0.009765625 0.03624733475479744
0 0.47216796875 0.3720682302771855 0.0107421875 0.02771855010660981
0 0.50927734375 0.21961620469083157 0.0107421875 0.029850746268656716
0 0.53076171875 0.2921108742004264 0.0126953125 0.03837953091684435
0 0.56689453125 0.39125799573560766 0.0126953125 0.04477611940298507
0 0.32958984375 0.42217484008528783 0.0126953125 0.03837953091684435
0 0.29541015625 0.4616204690831556 0.0146484375 0.04477611940298507
0 0.2626953125 0.4466950959488273 0.0078125 0.031982942430703626
0 0.47509765625 0.6663113006396588 0.0185546875 0.057569296375266525
0 0.515625 0.6588486140724946 0.017578125 0.05543710021321962
0 0.66748046875 0.23880597014925373 0.0087890625 0.03411513859275053
0 0.6142578125 0.36353944562899787 0.009765625 0.03624733475479744
0 0.74560546875 0.39339019189765456 0.0107421875 0.03624733475479744
0 0.775390625 0.2931769722814499 0.009765625 0.031982942430703626
0 0.91064453125 0.13646055437100213 0.0126953125 0.03411513859275053
0 0.94091796875 0.12473347547974413 0.0107421875 0.04051172707889126
0 0.86279296875 0.5735607675906184 0.0146484375 0.042643923240938165
0 0.95068359375 0.837953091684435 0.0205078125 0.06396588486140725
0 0.81201171875 0.7388059701492538 0.0146484375 0.057569296375266525
0 0.65576171875 0.7686567164179104 0.0185546875 0.06183368869936034
0 0.71240234375 0.47974413646055436 0.0107421875 0.042643923240938165
0 0.9580078125 0.4211087420042644 0.0078125 0.02771855010660981
0 0.9921875 0.7430703624733476 0.015625 0.053304904051172705
0 0.0341796875 0.3742004264392324 0.013671875 0.04477611940298507
0 0.06201171875 0.3336886993603412 0.0126953125 0.03624733475479744
0 0.0859375 0.3006396588486141 0.015625 0.03411513859275053
0 0.1982421875 0.20575692963752665 0.0078125 0.031982942430703626
0 0.16943359375 0.3997867803837953 0.0126953125 0.03624733475479744
0 0.10400390625 0.5437100213219617 0.0126953125 0.046908315565031986
0 0.052734375 0.6663113006396588 0.013671875 0.04051172707889126
0 0.6015625 0.7814498933901919 0.009765625 0.04477611940298507
0 0.78857421875 0.3837953091684435 0.0107421875 0.03411513859275053
0 0.31640625 0.2025586353944563 0.005859375 0.029850746268656716
0 0.53955078125 0.244136460554371 0.0068359375 0.02771855010660981
0 0.84423828125 0.21748400852878466 0.0087890625 0.029850746268656716
0 0.82275390625 0.4680170575692964 0.0126953125 0.03624733475479744
0 0.83837890625 0.44776119402985076 0.0087890625 0.03411513859275053
0 0.71728515625 0.2622601279317697 0.0146484375 0.029850746268656716
0 0.63916015625 0.25906183368869934 0.0126953125 0.02771855010660981
0 0.6396484375 0.302771855010661 0.01171875 0.03411513859275053
0 0.29736328125 0.8038379530916845 0.0205078125 0.03837953091684435
