0 0.06201171875 0.28983050847457625 0.0087890625 0.0711864406779661
0 0.0986328125 0.2271186440677966 0.01953125 0.07457627118644068
0 0.1787109375 0.26101694915254237 0.01171875 0.06779661016949153
0 0.2490234375 0.2016949152542373 0.015625 0.0847457627118644
0 0.31005859375 0.17457627118644067 0.0146484375 0.0711864406779661
0 0.373046875 0.17796610169491525 0.015625 0.0847457627118644
0 0.4306640625 0.21694915254237288 0.01171875 0.06779661016949153
0 0.48681640625 0.22203389830508474 0.0166015625 0.07796610169491526
0 0.5478515625 0.2627118644067797 0.013671875 0.06440677966101695
0 0.60693359375 0.23559322033898306 0.0146484375 0.06440677966101695
0 0.6806640625 0.22542372881355932 0.01171875 0.0711864406779661
0 0.77392578125 0.2016949152542373 0.0166015625 0.07796610169491526
0 0.41552734375 0.2677966101694915 0.0107421875 0.07457627118644068
0 0.81982421875 0.3135593220338983 0.0126953125 0.07796610169491526
