0 0.958984375 0.15432098765432098 0.044921875 0.09700176366843033
0 0.89794921875 0.1763668430335097 0.0048828125 0.014109347442680775
0 0.77587890625 0.10052910052910052 0.0361328125 0.09171075837742504
0 0.62255859375 0.1128747795414462 0.0341796875 0.08112874779541446
0 0.5166015625 0.09347442680776014 0.033203125 0.07054673721340388
0 0.4052734375 0.1419753086419753 0.029296875 0.07231040564373897
0 0.31201171875 0.10582010582010581 0.0302734375 0.06701940035273368
0 0.22265625 0.10493827160493827 0.025390625 0.06525573192239859
0 0.15625 0.17989417989417988 0.025390625 0.06349206349206349
0 0.07470703125 0.16490299823633156 0.0244140625 0.0582010582010582
0 0.01318359375 0.08994708994708994 0.0244140625 0.0564373897707231
