0 0.72705078125 0.65234375 0.0634765625 0.09375
0 0.759765625 0.8704427083333334 0.03125 0.11328125
0 0.02392578125 0.5950520833333334 0.0361328125 0.057291666666666664
0 0.2265625 0.4694010416666667 0.015625 0.029947916666666668
0 0.259765625 0.419921875 0.013671875 0.024739583333333332
0 0.26220703125 0.4537760416666667 0.0126953125 0.024739583333333332
0 0.341796875 0.5169270833333334 0.0234375 0.033854166666666664
0 0.31591796875 0.462890625 0.0146484375 0.024739583333333332
0 0.39208984375 0.4388020833333333 0.0126953125 0.026041666666666668
0 0.4189453125 0.4778645833333333 0.015625 0.03125
0 0.6708984375 0.4993489583333333 0.03125 0.05078125
0 0.64453125 0.5384114583333334 0.025390625 0.048177083333333336
0 0.7255859375 0.4765625 0.01953125 0.046875
0 0.7421875 0.4381510416666667 0.017578125 0.02734375
0 0.78125 0.4830729166666667 0.0234375 0.044270833333333336
0 0.8046875 0.509765625 0.01953125 0.05859375
0 0.81298828125 0.4231770833333333 0.0166015625 0.028645833333333332
0 0.830078125 0.4205729166666667 0.015625 0.03125
0 0.970703125 0.4830729166666667 0.017578125 0.03125
0 0.9765625 0.462890625 0.015625 0.029947916666666668
