0 0.12255859375 0.19326500732064422 0.0380859375 0.05856515373352855
0 0.20458984375 0.28038067349926793 0.0400390625 0.0629575402635432
0 0.25048828125 0.21815519765739386 0.0322265625 0.05856515373352855
0 0.31640625 0.2935578330893119 0.037109375 0.060029282576866766
0 0.34375 0.22767203513909223 0.033203125 0.060029282576866766
0 0.37109375 0.32723279648609077 0.02734375 0.03953147877013177
0 0.4228515625 0.23718887262079064 0.033203125 0.06149341142020498
0 0.45361328125 0.28038067349926793 0.0341796875 0.0629575402635432
0 0.54248046875 0.28257686676427524 0.0302734375 0.05856515373352855
0 0.52001953125 0.23060029282576866 0.0302734375 0.060029282576866766
0 0.45068359375 0.39604685212298685 0.0361328125 0.05710102489019034
0 0.62939453125 0.2840409956076135 0.0341796875 0.06149341142020498
0 0.62451171875 0.2225475841874085 0.0302734375 0.05856515373352855
0 0.71630859375 0.23938506588579794 0.0322265625 0.0629575402635432
0 0.72021484375 0.3726207906295754 0.0263671875 0.03953147877013177
0 0.7626953125 0.3096632503660322 0.03515625 0.0629575402635432
0 0.83544921875 0.2569546120058565 0.0341796875 0.060029282576866766
0 0.86474609375 0.33821376281112736 0.0380859375 0.07027818448023426
0 0.64599609375 0.48096632503660325 0.0322265625 0.05124450951683748
0 0.5625 0.48535871156661786 0.033203125 0.05710102489019034
0 0.63037109375 0.5944363103953147 0.0283203125 0.04978038067349927
0 0.25390625 0.3579795021961933 0.037109375 0.06588579795021962
0 0.17919921875 0.45021961932650073 0.0244140625 0.036603221083455345
