0 0.7412109375 0.23302263648468707 0.041015625 0.06657789613848203
0 0.5908203125 0.4041278295605859 0.046875 0.07856191744340879
0 0.53173828125 0.3355525965379494 0.0498046875 0.0692410119840213
0 0.48974609375 0.2669773635153129 0.0517578125 0.07057256990679095
0 0.4375 0.38681757656458055 0.046875 0.06790945406125166
0 0.3994140625 0.4647137150466045 0.04296875 0.0692410119840213
0 0.28076171875 0.42676431424766975 0.0341796875 0.03861517976031957
0 0.34130859375 0.30492676431424764 0.0419921875 0.06657789613848203
0 0.2880859375 0.29760319573901467 0.0234375 0.0492676431424767
0 0.2265625 0.3455392809587217 0.041015625 0.07856191744340879
0 0.7109375 0.32423435419440744 0.04296875 0.06790945406125166
