0 0.05712890625 0.12746478873239436 0.0400390625 0.06901408450704226
0 0.14990234375 0.15985915492957747 0.0361328125 0.057746478873239436
0 0.2412109375 0.12394366197183099 0.03515625 0.061971830985915494
0 0.392578125 0.07535211267605633 0.03515625 0.06619718309859154
0 0.49853515625 0.1056338028169014 0.0361328125 0.0647887323943662
0 0.56005859375 0.13450704225352111 0.0361328125 0.054929577464788736
0 0.640625 0.13943661971830987 0.037109375 0.061971830985915494
0 0.73583984375 0.14788732394366197 0.0419921875 0.0647887323943662
0 0.8447265625 0.176056338028169 0.0390625 0.0676056338028169
0 0.97119140625 0.12394366197183099 0.0458984375 0.07887323943661972
0 0.89794921875 0.45492957746478874 0.0498046875 0.08450704225352113
0 0.78662109375 0.4253521126760563 0.0419921875 0.07887323943661972
0 0.671875 0.4070422535211268 0.041015625 0.08169014084507042
0 0.56787109375 0.3795774647887324 0.0380859375 0.06338028169014084
0 0.2236328125 0.3436619718309859 0.05078125 0.08732394366197183
0 0.091796875 0.4176056338028169 0.04296875 0.07183098591549296
