0 0.75830078125 0.3763020833333333 0.0322265625 0.049479166666666664
0 0.71240234375 0.3938802083333333 0.0302734375 0.045572916666666664
0 0.638671875 0.4049479166666667 0.02734375 0.049479166666666664
0 0.62109375 0.3274739583333333 0.03125 0.045572916666666664
0 0.54345703125 0.337890625 0.0244140625 0.037760416666666664
0 0.47216796875 0.3190104166666667 0.0302734375 0.041666666666666664
0 0.41064453125 0.3561197916666667 0.0224609375 0.03515625
0 0.3505859375 0.3548177083333333 0.02734375 0.04296875
0 0.3173828125 0.3444010416666667 0.029296875 0.045572916666666664
0 0.25732421875 0.3893229166666667 0.0302734375 0.041666666666666664
0 0.248046875 0.4361979166666667 0.021484375 0.028645833333333332
0 0.18798828125 0.4010416666666667 0.0283203125 0.044270833333333336
0 0.6064453125 0.7005208333333334 0.021484375 0.03125
