0 0.171875 0.2760416666666667 0.06640625 0.11979166666666667
0 0.3564453125 0.28125 0.052734375 0.11458333333333333
0 0.4716796875 0.2890625 0.056640625 0.11458333333333333
0 0.5791015625 0.3307291666666667 0.072265625 0.13020833333333334
0 0.6640625 0.23307291666666666 0.05859375 0.1328125
0 0.7890625 0.22526041666666666 0.0625 0.11197916666666667
0 0.8779296875 0.3098958333333333 0.072265625 0.13541666666666666
0 0.263671875 0.6458333333333334 0.06640625 0.11458333333333333
0 0.5048828125 0.6002604166666666 0.056640625 0.12760416666666666
0 0.7412109375 0.57421875 0.064453125 0.11197916666666667
