0 0.1484375 0.359375 0.048828125 0.078125
0 0.19775390625 0.3444010416666667 0.0380859375 0.061197916666666664
0 0.251953125 0.416015625 0.0390625 0.048177083333333336
0 0.2861328125 0.4615885416666667 0.044921875 0.061197916666666664
0 0.3583984375 0.4368489583333333 0.03125 0.040364583333333336
0 0.3681640625 0.3723958333333333 0.044921875 0.049479166666666664
0 0.4423828125 0.3756510416666667 0.04296875 0.07161458333333333
0 0.51025390625 0.3977864583333333 0.0380859375 0.055989583333333336
0 0.62890625 0.3873697916666667 0.041015625 0.06380208333333333
0 0.6748046875 0.365234375 0.03515625 0.055989583333333336
0 0.77685546875 0.3717447916666667 0.0322265625 0.040364583333333336
0 0.74658203125 0.3411458333333333 0.0400390625 0.059895833333333336
0 0.9306640625 0.3470052083333333 0.04296875 0.055989583333333336
0 0.42724609375 0.5032552083333334 0.0458984375 0.055989583333333336
0 0.61083984375 0.5989583333333334 0.0400390625 0.0546875
0 0.7060546875 0.6796875 0.0390625 0.0546875
0 0.732421875 0.4993489583333333 0.041015625 0.061197916666666664
0 0.2275390625 0.677734375 0.04296875 0.05859375
0 0.259765625 0.7610677083333334 0.044921875 0.061197916666666664
0 0.14013671875 0.447265625 0.0458984375 0.07161458333333333
