0 0.03662109375 0.6377551020408163 0.0087890625 0.016034985422740525
0 0.08349609375 0.6472303206997084 0.0087890625 0.01749271137026239
0 0.259765625 0.6224489795918368 0.0078125 0.014577259475218658
0 0.29541015625 0.5911078717201166 0.0068359375 0.016034985422740525
0 0.37158203125 0.619533527696793 0.0068359375 0.014577259475218658
0 0.66064453125 0.8425655976676385 0.0166015625 0.03498542274052478
0 0.5419921875 0.7259475218658892 0.01171875 0.02040816326530612
0 0.6123046875 0.6778425655976676 0.0078125 0.02040816326530612
0 0.63232421875 0.684402332361516 0.0126953125 0.021865889212827987
0 0.5244140625 0.6814868804664723 0.009765625 0.018950437317784258
0 0.4296875 0.6880466472303207 0.009765625 0.01749271137026239
0 0.50830078125 0.6355685131195336 0.0087890625 0.014577259475218658
0 0.6494140625 0.6399416909620991 0.0078125 0.011661807580174927
0 0.458984375 0.6800291545189504 0.0078125 0.018950437317784258
0 0.55224609375 0.6290087463556852 0.0068359375 0.013119533527696793
0 0.25830078125 0.6632653061224489 0.0087890625 0.01749271137026239
0 0.28564453125 0.6370262390670554 0.0068359375 0.011661807580174927
0 0.298828125 0.641399416909621 0.0078125 0.014577259475218658
0 0.3251953125 0.6814868804664723 0.0078125 0.016034985422740525
0 0.470703125 0.6362973760932945 0.005859375 0.013119533527696793
0 0.48681640625 0.5918367346938775 0.0068359375 0.014577259475218658
0 0.1142578125 0.6115160349854227 0.0078125 0.013119533527696793
0 0.97900390625 0.7427113702623906 0.0146484375 0.02478134110787172
