0 0.65576171875 0.6301169590643275 0.0302734375 0.07017543859649122
0 0.791015625 0.4195906432748538 0.037109375 0.09064327485380116
0 0.89453125 0.23464912280701755 0.033203125 0.0891812865497076
0 0.74462890625 0.22149122807017543 0.0263671875 0.07456140350877193
0 0.64990234375 0.28654970760233917 0.0244140625 0.05555555555555555
0 0.8671875 0.24926900584795322 0.01953125 0.039473684210526314
0 0.90576171875 0.1476608187134503 0.0205078125 0.03508771929824561
0 0.95751953125 0.12353801169590643 0.0224609375 0.04239766081871345
0 0.57861328125 0.19078947368421054 0.0263671875 0.054093567251461985
0 0.51806640625 0.22660818713450293 0.0263671875 0.043859649122807015
0 0.67626953125 0.1783625730994152 0.0166015625 0.03216374269005848
0 0.8037109375 0.06871345029239766 0.01953125 0.03508771929824561
0 0.765625 0.10307017543859649 0.015625 0.027777777777777776
0 0.78271484375 0.07017543859649122 0.0126953125 0.02631578947368421
0 0.6298828125 0.1966374269005848 0.015625 0.033625730994152045
0 0.45361328125 0.12792397660818713 0.0126953125 0.024853801169590642
0 0.53759765625 0.12792397660818713 0.0126953125 0.019005847953216373
0 0.57763671875 0.10014619883040936 0.0126953125 0.021929824561403508
0 0.474609375 0.2149122807017544 0.013671875 0.02631578947368421
0 0.21923828125 0.4137426900584795 0.0341796875 0.05847953216374269
0 0.36181640625 0.3567251461988304 0.0322265625 0.05263157894736842
0 0.283203125 0.32456140350877194 0.0234375 0.03508771929824561
0 0.19189453125 0.3516081871345029 0.0205078125 0.033625730994152045
0 0.41845703125 0.3026315789473684 0.0126953125 0.02631578947368421
0 0.01708984375 0.5482456140350878 0.0205078125 0.05555555555555555
0 0.0693359375 0.45614035087719296 0.01953125 0.03216374269005848
0 0.08154296875 0.3991228070175439 0.0146484375 0.02631578947368421
0 0.15283203125 0.3830409356725146 0.0166015625 0.03508771929824561
0 0.41552734375 0.24707602339181287 0.0107421875 0.02046783625730994
0 0.40869140625 0.22149122807017543 0.0107421875 0.021929824561403508
0 0.3544921875 0.26242690058479534 0.01953125 0.03070175438596491
0 0.3681640625 0.1695906432748538 0.01171875 0.023391812865497075
0 0.32373046875 0.19517543859649122 0.0126953125 0.019005847953216373
0 0.29443359375 0.26242690058479534 0.0126953125 0.021929824561403508
0 0.259765625 0.2097953216374269 0.01171875 0.019005847953216373
0 0.24072265625 0.2850877192982456 0.0185546875 0.03216374269005848
0 0.240234375 0.24780701754385964 0.013671875 0.019005847953216373
0 0.24072265625 0.21198830409356725 0.0087890625 0.017543859649122806
0 0.19677734375 0.24342105263157895 0.0107421875 0.019005847953216373
0 0.205078125 0.30409356725146197 0.01171875 0.02046783625730994
0 0.1689453125 0.35233918128654973 0.015625 0.023391812865497075
0 0.16064453125 0.27850877192982454 0.0087890625 0.01608187134502924
0 0.22216796875 0.1922514619883041 0.0107421875 0.01608187134502924
0 0.208984375 0.19883040935672514 0.0078125 0.017543859649122806
0 0.17626953125 0.21783625730994152 0.0087890625 0.014619883040935672
0 0.15771484375 0.2412280701754386 0.0107421875 0.023391812865497075
0 0.14111328125 0.24195906432748537 0.0107421875 0.024853801169590642
0 0.12158203125 0.3538011695906433 0.0146484375 0.02631578947368421
0 0.07568359375 0.2719298245614035 0.0087890625 0.017543859649122806
0 0.06103515625 0.27266081871345027 0.0087890625 0.019005847953216373
0 0.03271484375 0.3567251461988304 0.0126953125 0.023391812865497075
0 0.06005859375 0.3201754385964912 0.0185546875 0.03216374269005848
0 0.017578125 0.2997076023391813 0.013671875 0.017543859649122806
0 0.033203125 0.4100877192982456 0.015625 0.027777777777777776
0 0.00927734375 0.36403508771929827 0.0126953125 0.023391812865497075
0 0.6923828125 0.2682748538011696 0.033203125 0.06286549707602339
0 0.48828125 0.30994152046783624 0.025390625 0.049707602339181284
0 0.46044921875 0.2909356725146199 0.0224609375 0.03216374269005848
0 0.125 0.29751461988304095 0.015625 0.027777777777777776
0 0.1005859375 0.3048245614035088 0.015625 0.033625730994152045
0 0.13037109375 0.4100877192982456 0.0244140625 0.033625730994152045
0 0.04736328125 0.5562865497076024 0.0302734375 0.06578947368421052
