0 0.19677734375 0.3722677595628415 0.0400390625 0.0778688524590164
0 0.67578125 0.6577868852459017 0.02734375 0.036885245901639344
0 0.78271484375 0.6325136612021858 0.0302734375 0.05191256830601093
0 0.87890625 0.6318306010928961 0.025390625 0.05874316939890711
0 0.8876953125 0.6359289617486339 0.01953125 0.06147540983606557
0 0.94140625 0.6222677595628415 0.02734375 0.050546448087431695
0 0.9892578125 0.6372950819672131 0.01953125 0.056010928961748634
0 0.9833984375 0.5088797814207651 0.01953125 0.04234972677595628
0 0.63525390625 0.6311475409836066 0.0224609375 0.04371584699453552
0 0.66845703125 0.5300546448087432 0.0166015625 0.03551912568306011
0 0.73681640625 0.4959016393442623 0.0205078125 0.03825136612021858
0 0.6962890625 0.4692622950819672 0.01953125 0.04234972677595628
0 0.771484375 0.4781420765027322 0.021484375 0.03825136612021858
0 0.81640625 0.4385245901639344 0.021484375 0.040983606557377046
0 0.251953125 0.6516393442622951 0.013671875 0.030054644808743168
0 0.28369140625 0.5211748633879781 0.0185546875 0.03415300546448088
0 0.27099609375 0.6564207650273224 0.0166015625 0.028688524590163935
0 0.2998046875 0.6659836065573771 0.015625 0.031420765027322405
0 0.31787109375 0.6536885245901639 0.0166015625 0.028688524590163935
0 0.35595703125 0.6564207650273224 0.0146484375 0.028688524590163935
0 0.3720703125 0.6386612021857924 0.017578125 0.03961748633879782
0 0.40576171875 0.6516393442622951 0.0146484375 0.030054644808743168
0 0.46533203125 0.519808743169399 0.0146484375 0.025956284153005466
0 0.47412109375 0.639344262295082 0.0146484375 0.0273224043715847
0 0.4990234375 0.6475409836065574 0.01953125 0.04371584699453552
0 0.5341796875 0.6379781420765027 0.017578125 0.030054644808743168
0 0.55615234375 0.6386612021857924 0.0166015625 0.036885245901639344
0 0.6123046875 0.5061475409836066 0.0234375 0.036885245901639344
0 0.580078125 0.4521857923497268 0.017578125 0.030054644808743168
0 0.853515625 0.34153005464480873 0.01953125 0.03278688524590164
0 0.9521484375 0.28005464480874315 0.015625 0.0273224043715847
0 0.97802734375 0.24385245901639344 0.0146484375 0.03415300546448088
0 0.80908203125 0.23292349726775957 0.0166015625 0.025956284153005466
0 0.89306640625 0.4521857923497268 0.0224609375 0.04371584699453552
0 0.65771484375 0.4180327868852459 0.0205078125 0.04371584699453552
0 0.9873046875 0.4023224043715847 0.01171875 0.023224043715846996
0 0.67041015625 0.3831967213114754 0.0224609375 0.036885245901639344
0 0.09814453125 0.6564207650273224 0.0146484375 0.031420765027322405
0 0.07275390625 0.6639344262295082 0.0146484375 0.03278688524590164
0 0.1865234375 0.8189890710382514 0.0234375 0.031420765027322405
0 0.11181640625 0.6297814207650273 0.0146484375 0.03278688524590164
0 0.126953125 0.6147540983606558 0.009765625 0.02185792349726776
