0 0.6806640625 0.45241581259150804 0.037109375 0.05856515373352855
0 0.0791015625 0.13396778916544655 0.025390625 0.04538799414348463
0 0.166015625 0.13469985358711567 0.021484375 0.040995607613469986
0 0.265625 0.1500732064421669 0.0234375 0.0424597364568082
0 0.3115234375 0.2657393850658858 0.0078125 0.016105417276720352
0 0.203125 0.12298682284040996 0.00390625 0.008784773060029283
0 0.232421875 0.13469985358711567 0.00390625 0.008784773060029283
0 0.2265625 0.1281112737920937 0.00390625 0.007320644216691069
0 0.19677734375 0.12079062957540264 0.0048828125 0.010248901903367497
0 0.29931640625 0.1390922401171303 0.0048828125 0.008784773060029283
0 0.2900390625 0.13323572474377746 0.00390625 0.01171303074670571
0 0.2822265625 0.12298682284040996 0.00390625 0.008784773060029283
0 0.314453125 0.10688140556368961 0.005859375 0.008784773060029283
0 0.31884765625 0.09150805270863836 0.0048828125 0.007320644216691069
0 0.3642578125 0.09297218155197658 0.00390625 0.010248901903367497
0 0.3779296875 0.23206442166910687 0.00390625 0.007320644216691069
0 0.3369140625 0.2247437774524158 0.005859375 0.010248901903367497
0 0.23291015625 0.12152269399707175 0.0048828125 0.008784773060029283
