0 0.71240234375 0.15885797950219618 0.0751953125 0.0629575402635432
0 0.9072265625 0.11932650073206442 0.046875 0.04978038067349927
0 0.81005859375 0.1423865300146413 0.0244140625 0.0212298682284041
0 0.96044921875 0.09407027818448023 0.0263671875 0.024158125915080528
0 0.3896484375 0.37920937042459735 0.046875 0.04538799414348463
0 0.52880859375 0.3857979502196193 0.0478515625 0.04978038067349927
0 0.55078125 0.43228404099560763 0.083984375 0.06808199121522694
0 0.0205078125 0.40775988286969256 0.0390625 0.04685212298682284
0 0.19189453125 0.5025622254758418 0.1669921875 0.08857979502196194
0 0.8291015625 0.6090775988286969 0.142578125 0.14494875549048317
0 0.77392578125 0.1595900439238653 0.0185546875 0.016105417276720352
0 0.58447265625 0.16581259150805272 0.0205078125 0.018301610541727673
0 0.0703125 0.25768667642752563 0.01953125 0.021961932650073207
0 0.1025390625 0.22035139092240116 0.01953125 0.014641288433382138
0 0.11279296875 0.2445095168374817 0.0205078125 0.01903367496339678
0 0.140625 0.23572474377745242 0.021484375 0.02342606149341142
0 0.17529296875 0.23718887262079064 0.0205078125 0.020497803806734993
0 0.1591796875 0.2273060029282577 0.0078125 0.00951683748169839
0 0.1787109375 0.2562225475841874 0.0234375 0.02635431918008785
0 0.2265625 0.26207906295754024 0.0234375 0.02342606149341142
0 0.2001953125 0.2287701317715959 0.021484375 0.019765739385065886
0 0.2841796875 0.22071742313323572 0.01953125 0.019765739385065886
0 0.2998046875 0.2144948755490483 0.021484375 0.021961932650073207
0 0.35400390625 0.20790629575402636 0.0244140625 0.021961932650073207
0 0.408203125 0.2005856515373353 0.017578125 0.017569546120058566
0 0.4541015625 0.2170571010248902 0.029296875 0.030014641288433383
0 0.474609375 0.20790629575402636 0.01171875 0.016105417276720352
0 0.50537109375 0.212298682284041 0.0263671875 0.02635431918008785
0 0.5302734375 0.14714494875549047 0.021484375 0.03074670571010249
0 0.65576171875 0.17825768667642752 0.0205078125 0.024158125915080528
0 0.6767578125 0.15922401171303074 0.01953125 0.0212298682284041
