0 0.41748046875 0.1967370441458733 0.0517578125 0.16314779270633398
0 0.58447265625 0.4779270633397313 0.0283203125 0.1036468330134357
0 0.4619140625 0.4961612284069098 0.05078125 0.12092130518234165
0 0.76220703125 0.45489443378119004 0.0458984375 0.12284069097888675
0 0.93310546875 0.6727447216890595 0.0419921875 0.10556621880998081
0 0.1259765625 0.9625719769673704 0.015625 0.04030710172744722
0 0.078125 0.9568138195777351 0.013671875 0.04030710172744722
0 0.1357421875 0.9280230326295585 0.017578125 0.04798464491362764
0 0.1806640625 0.9798464491362764 0.015625 0.036468330134357005
0 0.23046875 0.9251439539347409 0.013671875 0.030710172744721688
0 0.26318359375 0.946257197696737 0.0146484375 0.03838771593090211
0 0.26025390625 0.8925143953934741 0.0126953125 0.0345489443378119
0 0.22607421875 0.8877159309021113 0.0126953125 0.036468330134357005
0 0.1845703125 0.8579654510556622 0.013671875 0.0345489443378119
0 0.2294921875 0.8531669865642995 0.01171875 0.03262955854126679
0 0.26123046875 0.8723608445297505 0.0126953125 0.03262955854126679
0 0.24365234375 0.8224568138195777 0.0087890625 0.028790786948176585
0 0.22265625 0.7514395393474088 0.01171875 0.028790786948176585
0 0.142578125 0.8570057581573897 0.01171875 0.028790786948176585
0 0.04833984375 0.8666026871401151 0.0107421875 0.02495201535508637
0 0.0341796875 0.9222648752399232 0.009765625 0.028790786948176585
0 0.06787109375 0.7955854126679462 0.0107421875 0.028790786948176585
0 0.0634765625 0.763915547024952 0.01171875 0.026871401151631478
0 0.02099609375 0.7485604606525912 0.0087890625 0.023032629558541268
0 0.02099609375 0.8733205374280231 0.0087890625 0.026871401151631478
0 0.13720703125 0.7677543186180422 0.0087890625 0.026871401151631478
0 0.11962890625 0.7706333973128598 0.0107421875 0.028790786948176585
0 0.083984375 0.7408829174664108 0.009765625 0.026871401151631478
0 0.07421875 0.9078694817658349 0.01171875 0.030710172744721688
0 0.09326171875 0.9452975047984645 0.0126953125 0.03262955854126679
0 0.15673828125 0.8157389635316699 0.0126953125 0.0345489443378119
0 0.15380859375 0.7418426103646834 0.0107421875 0.028790786948176585
0 0.21142578125 0.7840690978886756 0.0107421875 0.02495201535508637
0 0.177734375 0.7869481765834933 0.009765625 0.026871401151631478
0 0.10107421875 0.8378119001919386 0.0126953125 0.028790786948176585
0 0.267578125 0.8282149712092131 0.01171875 0.03262955854126679
0 0.3046875 0.944337811900192 0.015625 0.03838771593090211
0 0.29541015625 0.9145873320537428 0.0126953125 0.03262955854126679
0 0.3095703125 0.8925143953934741 0.013671875 0.03838771593090211
0 0.18994140625 0.7005758157389635 0.0087890625 0.026871401151631478
0 0.03369140625 0.9606525911708254 0.0126953125 0.03262955854126679
0 0.13525390625 0.8349328214971209 0.0107421875 0.030710172744721688
0 0.140625 0.6900191938579654 0.009765625 0.028790786948176585
0 0.111328125 0.7024952015355086 0.009765625 0.026871401151631478
0 0.17529296875 0.8886756238003839 0.0146484375 0.03838771593090211
0 0.04345703125 0.6852207293666027 0.0107421875 0.026871401151631478
0 0.0732421875 0.6900191938579654 0.009765625 0.028790786948176585
0 0.09033203125 0.5998080614203455 0.0107421875 0.02495201535508637
0 0.205078125 0.6756238003838771 0.0078125 0.023032629558541268
0 0.10888671875 0.8119001919385797 0.0126953125 0.0345489443378119
0 0.24853515625 0.7610364683301344 0.0107421875 0.02495201535508637
0 0.28515625 0.8032629558541267 0.009765625 0.02495201535508637
0 0.3037109375 0.789827255278311 0.0078125 0.02495201535508637
0 0.1806640625 0.7514395393474088 0.0078125 0.02111324376199616
