0 0.083984375 0.6038514442916093 0.017578125 0.033012379642365884
0 0.11083984375 0.6031636863823934 0.0166015625 0.03163686382393398
0 0.14306640625 0.5955983493810179 0.0146484375 0.033012379642365884
0 0.1640625 0.6196698762035764 0.017578125 0.03163686382393398
0 0.2021484375 0.5900962861072903 0.017578125 0.03576341127922971
0 0.2392578125 0.5976616231086658 0.01953125 0.03163686382393398
0 0.15869140625 0.5667125171939478 0.0126953125 0.024759284731774415
0 0.2275390625 0.5605226960110041 0.013671875 0.023383768913342505
0 0.25146484375 0.5605226960110041 0.0126953125 0.017881705639614855
0 0.00634765625 0.45598349381017883 0.0107421875 0.02888583218707015
0 0.18505859375 0.5453920220082531 0.0107421875 0.017881705639614855
0 0.37548828125 0.23039889958734525 0.0400390625 0.061898211829436035
0 0.5234375 0.4497936726272352 0.01953125 0.04126547455295736
0 0.4541015625 0.6121045392022009 0.01953125 0.033012379642365884
0 0.453125 0.5694635488308115 0.017578125 0.030261348005502064
0 0.48828125 0.561898211829436 0.015625 0.0343878954607978
0 0.5009765625 0.5708390646492435 0.015625 0.030261348005502064
0 0.5947265625 0.5522696011004127 0.017578125 0.03163686382393398
0 0.59912109375 0.5997248968363136 0.0166015625 0.030261348005502064
0 0.6455078125 0.578404401650619 0.017578125 0.03163686382393398
0 0.66455078125 0.5034387895460798 0.0146484375 0.027510316368638238
0 0.64208984375 0.46354883081155435 0.0166015625 0.027510316368638238
0 0.5927734375 0.4188445667125172 0.01171875 0.02063273727647868
0 0.5078125 0.45873452544704263 0.0078125 0.015130674002751032
0 0.68896484375 0.41815680880330125 0.0146484375 0.030261348005502064
0 0.6962890625 0.5852819807427786 0.017578125 0.02888583218707015
0 0.560546875 0.4346629986244842 0.009765625 0.016506189821182942
0 0.615234375 0.3872077028885832 0.013671875 0.02063273727647868
0 0.572265625 0.45873452544704263 0.015625 0.026134800550206328
0 0.6103515625 0.4401650618982118 0.01171875 0.02200825309491059
0 0.88427734375 0.5914718019257221 0.0205078125 0.03851444291609354
0 0.873046875 0.5584594222833562 0.017578125 0.030261348005502064
0 0.86328125 0.5419532324621733 0.013671875 0.024759284731774415
0 0.87158203125 0.5130674002751031 0.0146484375 0.02200825309491059
0 0.90869140625 0.5206327372764786 0.0185546875 0.02888583218707015
0 0.9306640625 0.5192572214580468 0.017578125 0.0343878954607978
0 0.9404296875 0.578404401650619 0.0234375 0.039889958734525444
0 0.986328125 0.5591471801925723 0.021484375 0.037138927097661624
0 0.9716796875 0.5275103163686382 0.015625 0.02888583218707015
0 0.9609375 0.5226960110041265 0.017578125 0.03576341127922971
0 0.0556640625 0.6196698762035764 0.015625 0.026134800550206328
0 0.02734375 0.6788170563961485 0.01171875 0.02063273727647868
0 0.056640625 0.5969738651994498 0.015625 0.030261348005502064
0 0.03857421875 0.609353507565337 0.0107421875 0.02200825309491059
