0 0.7392578125 0.369692532942899 0.01171875 0.027818448023426062
0 0.8037109375 0.3967789165446559 0.015625 0.03513909224011713
0 0.81787109375 0.43704245973645683 0.0126953125 0.03367496339677892
0 0.24267578125 0.17642752562225475 0.0205078125 0.027818448023426062
0 0.333984375 0.14641288433382138 0.017578125 0.032210834553440704
0 0.4130859375 0.35871156661786235 0.017578125 0.02635431918008785
0 0.40771484375 0.11346998535871157 0.0166015625 0.027818448023426062
0 0.5595703125 0.14641288433382138 0.015625 0.029282576866764276
0 0.48193359375 0.1061493411420205 0.0166015625 0.024890190336749635
0 0.48779296875 0.05490483162518302 0.0146484375 0.027818448023426062
0 0.53662109375 0.01683748169838946 0.0146484375 0.024890190336749635
0 0.5498046875 0.06808199121522694 0.009765625 0.01903367496339678
0 0.58447265625 0.010248901903367497 0.0126953125 0.017569546120058566
0 0.708984375 0.10834553440702782 0.017578125 0.029282576866764276
0 0.86376953125 0.10248901903367497 0.0126953125 0.020497803806734993
0 0.796875 0.03587115666178624 0.01171875 0.027818448023426062
0 0.8701171875 0.027086383601756955 0.01171875 0.010248901903367497
0 0.01416015625 0.0849194729136164 0.0185546875 0.02342606149341142
0 0.177734375 0.4868228404099561 0.01953125 0.021961932650073207
0 0.24169921875 0.013909224011713031 0.0146484375 0.01903367496339678
0 0.16015625 0.024890190336749635 0.017578125 0.02342606149341142
