0 0.7099609375 0.10788690476190477 0.017578125 0.03125
0 0.79541015625 0.09077380952380952 0.0244140625 0.044642857142857144
0 0.40869140625 0.07366071428571429 0.0146484375 0.025297619047619048
0 0.353515625 0.10416666666666667 0.01171875 0.017857142857142856
0 0.31640625 0.07217261904761904 0.015625 0.025297619047619048
0 0.07470703125 0.060267857142857144 0.0166015625 0.03422619047619048
0 0.14111328125 0.07366071428571429 0.0224609375 0.043154761904761904
0 0.1806640625 0.06398809523809523 0.0234375 0.03869047619047619
0 0.224609375 0.044642857142857144 0.015625 0.026785714285714284
0 0.248046875 0.06845238095238096 0.0234375 0.03273809523809524
0 0.02490234375 0.03869047619047619 0.0068359375 0.011904761904761904
0 0.041015625 0.052083333333333336 0.0078125 0.011904761904761904
0 0.111328125 0.07217261904761904 0.015625 0.025297619047619048
0 0.640625 0.07663690476190477 0.009765625 0.01636904761904762
0 0.7685546875 0.13690476190476192 0.005859375 0.01488095238095238
0 0.75927734375 0.10863095238095238 0.0087890625 0.01488095238095238
0 0.74169921875 0.11011904761904762 0.0068359375 0.011904761904761904
0 0.73046875 0.10416666666666667 0.009765625 0.017857142857142856
0 0.388671875 0.39211309523809523 0.03515625 0.049107142857142856
0 0.53271484375 0.2648809523809524 0.0322265625 0.05654761904761905
0 0.4482421875 0.07589285714285714 0.0234375 0.03869047619047619
0 0.5166015625 0.09672619047619048 0.013671875 0.023809523809523808
0 0.54345703125 0.1130952380952381 0.0146484375 0.023809523809523808
0 0.58154296875 0.07886904761904762 0.0166015625 0.03571428571428571
0 0.64794921875 0.12053571428571429 0.0126953125 0.026785714285714284
0 0.68701171875 0.11458333333333333 0.0146484375 0.02976190476190476
0 0.0078125 0.017857142857142856 0.01171875 0.017857142857142856
0 0.55224609375 0.09449404761904762 0.0107421875 0.019345238095238096
0 0.56396484375 0.07738095238095238 0.0146484375 0.023809523809523808
0 0.82568359375 0.10119047619047619 0.0185546875 0.026785714285714284
0 0.427734375 0.08482142857142858 0.009765625 0.020833333333333332
0 0.373046875 0.06919642857142858 0.015625 0.025297619047619048
0 0.3525390625 0.06696428571428571 0.01953125 0.020833333333333332
0 0.4990234375 0.10491071428571429 0.005859375 0.010416666666666666
0 0.1533203125 0.06994047619047619 0.009765625 0.017857142857142856
0 0.35009765625 0.08854166666666667 0.0087890625 0.010416666666666666
0 0.34228515625 0.10416666666666667 0.0068359375 0.011904761904761904
0 0.33642578125 0.09226190476190477 0.0048828125 0.011904761904761904
