0 0.025390625 0.2766927083333333 0.015625 0.02734375
0 0.07568359375 0.2975260416666667 0.0322265625 0.045572916666666664
0 0.11962890625 0.3111979166666667 0.0166015625 0.026041666666666668
0 0.27490234375 0.2727864583333333 0.0126953125 0.024739583333333332
0 0.36279296875 0.287109375 0.0244140625 0.040364583333333336
0 0.3310546875 0.380859375 0.017578125 0.03515625
0 0.3876953125 0.2747395833333333 0.013671875 0.0234375
0 0.44140625 0.3782552083333333 0.0234375 0.037760416666666664
0 0.54345703125 0.3203125 0.0380859375 0.078125
0 0.5283203125 0.3391927083333333 0.01953125 0.037760416666666664
0 0.9052734375 0.3430989583333333 0.02734375 0.040364583333333336
0 0.9609375 0.2994791666666667 0.01953125 0.028645833333333332
0 0.69091796875 0.3359375 0.0185546875 0.028645833333333332
0 0.7734375 0.3131510416666667 0.017578125 0.024739583333333332
0 0.818359375 0.3723958333333333 0.02734375 0.033854166666666664
0 0.69384765625 0.2805989583333333 0.0146484375 0.022135416666666668
0 0.86279296875 0.3333333333333333 0.0205078125 0.03125
