0 0.48486328125 0.4498697916666667 0.0693359375 0.12630208333333334
0 0.16259765625 0.423828125 0.0439453125 0.10026041666666667
0 0.25341796875 0.4674479166666667 0.0419921875 0.0703125
0 0.05322265625 0.41015625 0.0185546875 0.03125
0 0.1064453125 0.3671875 0.02734375 0.049479166666666664
0 0.03125 0.421875 0.01953125 0.033854166666666664
0 0.1806640625 0.4420572916666667 0.015625 0.029947916666666668
0 0.2041015625 0.45703125 0.013671875 0.028645833333333332
0 0.71875 0.421875 0.083984375 0.14322916666666666
0 0.8046875 0.41015625 0.07421875 0.13541666666666666
0 0.8955078125 0.43359375 0.052734375 0.1015625
