0 0.232421875 0.24334600760456274 0.09375 0.16223067173637515
0 0.0400390625 0.23574144486692014 0.080078125 0.11153358681875793
0 0.0751953125 0.5868187579214195 0.083984375 0.16476552598225602
0 0.1806640625 0.7820025348542459 0.099609375 0.1394169835234474
0 0.2763671875 0.6134347275031685 0.076171875 0.14702154626108999
0 0.2568359375 0.949936628643853 0.091796875 0.10012674271229405
0 0.3935546875 0.8314321926489227 0.091796875 0.13688212927756654
0 0.4677734375 0.688212927756654 0.072265625 0.12927756653992395
0 0.6142578125 0.6590621039290241 0.087890625 0.14195183776932827
0 0.685546875 0.8542458808618505 0.09375 0.14195183776932827
0 0.9130859375 0.7110266159695817 0.072265625 0.12927756653992395
