0 0.1640625 0.9032738095238095 0.0546875 0.06101190476190476
0 0.12109375 0.7872023809523809 0.06640625 0.0625
0 0.1220703125 0.7101934523809523 0.064453125 0.057291666666666664
0 0.07421875 0.6153273809523809 0.060546875 0.050595238095238096
0 0.33203125 0.8121279761904762 0.05859375 0.058779761904761904
0 0.484375 0.8433779761904762 0.07421875 0.06919642857142858
0 0.6796875 0.8668154761904762 0.056640625 0.06101190476190476
0 0.927734375 0.8991815476190477 0.064453125 0.05133928571428571
0 0.83984375 0.7924107142857143 0.064453125 0.05505952380952381
0 0.568359375 0.7492559523809523 0.0703125 0.0625
0 0.72998046875 0.6681547619047619 0.0732421875 0.0625
0 0.005859375 0.9494047619047619 0.01171875 0.049107142857142856
0 0.36767578125 0.7596726190476191 0.0673828125 0.05654761904761905
0 0.49951171875 0.7470238095238095 0.0654296875 0.06101190476190476
0 0.94580078125 0.6953125 0.0556640625 0.057291666666666664
0 0.25 0.5907738095238095 0.064453125 0.0625
0 0.4892578125 0.5777529761904762 0.064453125 0.060267857142857144
0 0.67529296875 0.49776785714285715 0.0654296875 0.05505952380952381
0 0.9111328125 0.5186011904761905 0.0546875 0.052083333333333336
0 0.46826171875 0.5074404761904762 0.0595703125 0.03869047619047619
0 0.306640625 0.47098214285714285 0.05859375 0.049107142857142856
0 0.25244140625 0.3861607142857143 0.0458984375 0.06398809523809523
0 0.1337890625 0.31287202380952384 0.0625 0.057291666666666664
0 0.70654296875 0.3679315476190476 0.0693359375 0.05580357142857143
0 0.8232421875 0.3013392857142857 0.064453125 0.05505952380952381
0 0.98779296875 0.050967261904761904 0.0244140625 0.046875
0 0.83154296875 0.05505952380952381 0.0517578125 0.047619047619047616
0 0.91259765625 0.1558779761904762 0.0537109375 0.05133928571428571
0 0.8251953125 0.22061011904761904 0.060546875 0.046875
0 0.58935546875 0.25595238095238093 0.0556640625 0.050595238095238096
0 0.61328125 0.1949404761904762 0.064453125 0.05803571428571429
0 0.6357421875 0.07142857142857142 0.05078125 0.047619047619047616
0 0.40576171875 0.2700892857142857 0.0537109375 0.05803571428571429
0 0.42626953125 0.21763392857142858 0.0615234375 0.057291666666666664
0 0.45166015625 0.06733630952380952 0.0517578125 0.05133928571428571
0 0.39013671875 0.08035714285714286 0.0419921875 0.047619047619047616
0 0.39794921875 0.1558779761904762 0.0576171875 0.05431547619047619
0 0.10546875 0.07068452380952381 0.0546875 0.049107142857142856
0 0.14404296875 0.15029761904761904 0.0595703125 0.05654761904761905
0 0.19482421875 0.19270833333333334 0.0673828125 0.05505952380952381
