0 0.48681640625 0.5248901903367497 0.0478515625 0.13616398243045388
0 0.64013671875 0.4224011713030747 0.0205078125 0.0424597364568082
0 0.66259765625 0.349194729136164 0.0087890625 0.01903367496339678
0 0.6240234375 0.34699853587115664 0.013671875 0.02342606149341142
0 0.5556640625 0.35431918008784774 0.013671875 0.02342606149341142
0 0.54638671875 0.3579795021961933 0.0068359375 0.016105417276720352
0 0.51416015625 0.3418740849194729 0.0126953125 0.027818448023426062
0 0.4912109375 0.34773060029282576 0.0234375 0.03953147877013177
0 0.431640625 0.35651537335285505 0.015625 0.03074670571010249
0 0.36767578125 0.3535871156661786 0.0361328125 0.06881405563689605
0 0.3818359375 0.3257686676427526 0.01953125 0.036603221083455345
0 0.39794921875 0.349194729136164 0.0126953125 0.024890190336749635
0 0.3115234375 0.3367496339677892 0.015625 0.032210834553440704
0 0.28564453125 0.3404099560761347 0.0283203125 0.04538799414348463
0 0.2392578125 0.34333821376281115 0.021484375 0.036603221083455345
0 0.19873046875 0.3462664714494876 0.0263671875 0.03953147877013177
0 0.12744140625 0.3462664714494876 0.0634765625 0.11273792093704246
0 0.029296875 0.33601756954612005 0.056640625 0.07759882869692533
