0 0.103515625 0.460352422907489 0.015625 0.0513950073421439
0 0.0078125 0.3443465491923642 0.015625 0.030837004405286344
0 0.02685546875 0.28267254038179146 0.0224609375 0.048458149779735685
0 0.04345703125 0.26064610866372984 0.0166015625 0.039647577092511016
0 0.11572265625 0.2709251101321586 0.0244140625 0.042584434654919234
0 0.24609375 0.3502202643171806 0.01953125 0.042584434654919234
0 0.03857421875 0.48384728340675476 0.0224609375 0.04552129221732746
0 0.1328125 0.4882525697503671 0.0234375 0.039647577092511016
0 0.2978515625 0.40602055800293685 0.021484375 0.042584434654919234
0 0.177734375 0.35389133627019087 0.0234375 0.05873715124816446
0 0.2666015625 0.2511013215859031 0.021484375 0.041116005873715125
0 0.28076171875 0.29148311306901614 0.0185546875 0.030837004405286344
0 0.30712890625 0.27386196769456683 0.0224609375 0.048458149779735685
0 0.3212890625 0.2474302496328928 0.01953125 0.039647577092511016
0 0.34619140625 0.24155653450807635 0.0146484375 0.030837004405286344
0 0.1064453125 0.23348017621145375 0.025390625 0.0381791483113069
0 0.1591796875 0.20998531571218795 0.0234375 0.04698972099853157
0 0.12548828125 0.18502202643171806 0.0185546875 0.032305433186490456
0 0.0341796875 0.10939794419970632 0.01953125 0.03671071953010279
0 0.02197265625 0.044787077826725405 0.0166015625 0.027900146842878122
0 0.08251953125 0.044787077826725405 0.0185546875 0.033773861967694566
0 0.12158203125 0.09618208516886931 0.0166015625 0.033773861967694566
0 0.1650390625 0.06681350954478708 0.01953125 0.033773861967694566
0 0.17236328125 0.16740088105726872 0.0205078125 0.0381791483113069
0 0.20654296875 0.17033773861967694 0.0185546875 0.0381791483113069
0 0.20166015625 0.11380323054331865 0.0166015625 0.03671071953010279
0 0.234375 0.11086637298091043 0.017578125 0.033773861967694566
0 0.2529296875 0.09030837004405286 0.015625 0.033773861967694566
0 0.25390625 0.044787077826725405 0.017578125 0.030837004405286344
0 0.17236328125 0.01908957415565345 0.0166015625 0.02643171806167401
0 0.22509765625 0.20190895741556533 0.0166015625 0.033773861967694566
0 0.23095703125 0.17180616740088106 0.0126953125 0.032305433186490456
0 0.2373046875 0.16372980910425844 0.01171875 0.027900146842878122
0 0.21435546875 0.1461086637298091 0.0126953125 0.027900146842878122
0 0.234375 0.2261380323054332 0.01171875 0.02643171806167401
0 0.2705078125 0.021292217327459617 0.015625 0.027900146842878122
0 0.27392578125 0.0631424375917768 0.0146484375 0.023494860499265784
0 0.04296875 0.007342143906020558 0.01953125 0.014684287812041116
0 0.1162109375 0.02276064610866373 0.015625 0.027900146842878122
0 0.29248046875 0.1527165932452276 0.0146484375 0.02643171806167401
0 0.28857421875 0.1328928046989721 0.0166015625 0.030837004405286344
0 0.31494140625 0.13656387665198239 0.0146484375 0.02936857562408223
0 0.32470703125 0.08957415565345081 0.0166015625 0.032305433186490456
0 0.3505859375 0.08516886930983847 0.015625 0.03524229074889868
0 0.376953125 0.0881057268722467 0.013671875 0.023494860499265784
0 0.38818359375 0.13069016152716592 0.0166015625 0.032305433186490456
0 0.29052734375 0.18795888399412627 0.0146484375 0.02936857562408223
0 0.27490234375 0.2092511013215859 0.0146484375 0.027900146842878122
0 0.30224609375 0.22246696035242292 0.0185546875 0.030837004405286344
0 0.3193359375 0.1828193832599119 0.015625 0.027900146842878122
0 0.32666015625 0.21145374449339208 0.0146484375 0.02643171806167401
0 0.3408203125 0.17400881057268722 0.013671875 0.027900146842878122
0 0.36962890625 0.17327459618208516 0.0185546875 0.02936857562408223
0 0.37744140625 0.20337738619676946 0.0185546875 0.030837004405286344
0 0.361328125 0.2775330396475771 0.015625 0.02936857562408223
0 0.3974609375 0.1593245227606461 0.015625 0.030837004405286344
0 0.40673828125 0.12555066079295155 0.0146484375 0.030837004405286344
0 0.43115234375 0.16593245227606462 0.0166015625 0.02936857562408223
0 0.41650390625 0.19309838472834068 0.0166015625 0.030837004405286344
0 0.4248046875 0.3010279001468429 0.021484375 0.04405286343612335
0 0.45458984375 0.25036710719530103 0.0126953125 0.030837004405286344
0 0.48388671875 0.2944199706314244 0.0224609375 0.039647577092511016
0 0.50146484375 0.25477239353891334 0.0166015625 0.033773861967694566
0 0.490234375 0.2026431718061674 0.017578125 0.032305433186490456
0 0.4814453125 0.22980910425844348 0.017578125 0.030837004405286344
0 0.4736328125 0.17914831130690162 0.015625 0.02936857562408223
0 0.46728515625 0.07929515418502203 0.0166015625 0.02643171806167401
0 0.5146484375 0.10352422907488987 0.017578125 0.033773861967694566
0 0.4345703125 0.08443465491923642 0.015625 0.027900146842878122
0 0.41259765625 0.08002936857562408 0.0146484375 0.024963289280469897
0 0.5126953125 0.19016152716593246 0.015625 0.03671071953010279
0 0.53515625 0.20337738619676946 0.01953125 0.033773861967694566
0 0.3984375 0.05506607929515418 0.013671875 0.030837004405286344
0 0.443359375 0.05873715124816446 0.015625 0.02936857562408223
0 0.47509765625 0.04919236417033774 0.0166015625 0.030837004405286344
0 0.49853515625 0.041116005873715125 0.0126953125 0.023494860499265784
0 0.51416015625 0.038913362701908955 0.0126953125 0.024963289280469897
0 0.45458984375 0.11820851688693099 0.0146484375 0.024963289280469897
0 0.4072265625 0.03010279001468429 0.01171875 0.01908957415565345
0 0.44384765625 0.0315712187958884 0.0146484375 0.027900146842878122
0 0.4326171875 0.0315712187958884 0.01171875 0.022026431718061675
0 0.4833984375 0.027165932452276064 0.013671875 0.024963289280469897
0 0.47802734375 0.012481644640234948 0.0126953125 0.022026431718061675
0 0.51953125 0.010279001468428781 0.013671875 0.020558002936857563
0 0.54248046875 0.0631424375917768 0.0126953125 0.02643171806167401
0 0.55615234375 0.1395007342143906 0.0146484375 0.02936857562408223
0 0.5712890625 0.09397944199706314 0.015625 0.03524229074889868
0 0.6005859375 0.11086637298091043 0.015625 0.024963289280469897
0 0.6220703125 0.07121879588839941 0.01171875 0.024963289280469897
0 0.61474609375 0.03450807635829662 0.0146484375 0.027900146842878122
0 0.63818359375 0.04038179148311307 0.0146484375 0.027900146842878122
0 0.65283203125 0.06681350954478708 0.0126953125 0.024963289280469897
0 0.66796875 0.06093979441997063 0.013671875 0.027900146842878122
0 0.6865234375 0.05726872246696035 0.01171875 0.02936857562408223
0 0.69677734375 0.0381791483113069 0.0146484375 0.023494860499265784
0 0.662109375 0.041116005873715125 0.013671875 0.023494860499265784
0 0.7001953125 0.01762114537444934 0.013671875 0.023494860499265784
0 0.6357421875 0.09177679882525698 0.01171875 0.027900146842878122
0 0.67578125 0.09177679882525698 0.015625 0.030837004405286344
0 0.7041015625 0.09324522760646109 0.015625 0.027900146842878122
0 0.6865234375 0.13729809104258445 0.015625 0.030837004405286344
0 0.62255859375 0.15859030837004406 0.0166015625 0.02643171806167401
0 0.5693359375 0.17180616740088106 0.017578125 0.02643171806167401
0 0.61279296875 0.21218795888399414 0.0166015625 0.030837004405286344
0 0.63671875 0.21806167400881057 0.017578125 0.030837004405286344
0 0.65673828125 0.19897209985315711 0.0146484375 0.024963289280469897
0 0.68115234375 0.17547723935389134 0.0185546875 0.027900146842878122
0 0.7373046875 0.17547723935389134 0.013671875 0.027900146842878122
0 0.779296875 0.16813509544787078 0.015625 0.027900146842878122
0 0.646484375 0.23861967694566813 0.017578125 0.030837004405286344
0 0.6640625 0.2342143906020558 0.015625 0.027900146842878122
0 0.673828125 0.26725403817914833 0.017578125 0.032305433186490456
0 0.59716796875 0.2577092511013216 0.0185546875 0.039647577092511016
0 0.578125 0.28487518355359764 0.017578125 0.0381791483113069
0 0.6005859375 0.290014684287812 0.017578125 0.033773861967694566
0 0.63037109375 0.28193832599118945 0.0166015625 0.03524229074889868
0 0.55810546875 0.3252569750367107 0.0166015625 0.030837004405286344
0 0.583984375 0.34140969162995594 0.017578125 0.033773861967694566
0 0.6064453125 0.34140969162995594 0.015625 0.027900146842878122
0 0.62158203125 0.33186490455212925 0.0166015625 0.032305433186490456
0 0.66552734375 0.32599118942731276 0.0166015625 0.0381791483113069
0 0.6220703125 0.36784140969163 0.015625 0.03671071953010279
0 0.6513671875 0.3935389133627019 0.017578125 0.03524229074889868
0 0.7255859375 0.33627019089574156 0.01953125 0.0381791483113069
0 0.6962890625 0.30176211453744495 0.017578125 0.030837004405286344
0 0.703125 0.2709251101321586 0.017578125 0.03671071953010279
0 0.7255859375 0.26798825256975034 0.017578125 0.03671071953010279
0 0.71533203125 0.2577092511013216 0.0166015625 0.030837004405286344
0 0.759765625 0.27826725403817915 0.015625 0.030837004405286344
0 0.74462890625 0.32305433186490456 0.0126953125 0.03524229074889868
0 0.7607421875 0.32819383259911894 0.015625 0.03671071953010279
0 0.76416015625 0.3876651982378855 0.0166015625 0.032305433186490456
0 0.77490234375 0.3237885462555066 0.0146484375 0.033773861967694566
0 0.76953125 0.24375917767988253 0.015625 0.02643171806167401
0 0.53369140625 0.41262848751835535 0.0244140625 0.041116005873715125
0 0.5390625 0.5367107195301027 0.021484375 0.03671071953010279
0 0.591796875 0.5359765051395007 0.021484375 0.0381791483113069
0 0.65478515625 0.5256975036710719 0.0244140625 0.041116005873715125
0 0.66015625 0.49926578560939794 0.021484375 0.041116005873715125
0 0.6689453125 0.42951541850220265 0.021484375 0.04552129221732746
0 0.78466796875 0.47723935389133626 0.0224609375 0.04698972099853157
0 0.72802734375 0.5704845814977973 0.0244140625 0.04552129221732746
0 0.73193359375 0.5146842878120411 0.0166015625 0.04552129221732746
0 0.80908203125 0.4287812041116006 0.0205078125 0.032305433186490456
0 0.79345703125 0.43612334801762115 0.0166015625 0.032305433186490456
0 0.84521484375 0.4684287812041116 0.0185546875 0.03524229074889868
0 0.81982421875 0.5095447870778267 0.0205078125 0.0381791483113069
0 0.806640625 0.5719530102790015 0.021484375 0.03671071953010279
0 0.86669921875 0.5682819383259912 0.0224609375 0.041116005873715125
0 0.8232421875 0.5602055800293686 0.021484375 0.048458149779735685
0 0.8681640625 0.5 0.0234375 0.03671071953010279
0 0.89208984375 0.4831130690161527 0.0205078125 0.03524229074889868
0 0.8583984375 0.4331864904552129 0.01953125 0.02643171806167401
0 0.9248046875 0.5308370044052864 0.021484375 0.042584434654919234
0 0.7314453125 0.473568281938326 0.01953125 0.030837004405286344
0 0.90283203125 0.4368575624082232 0.0126953125 0.027900146842878122
0 0.93115234375 0.4684287812041116 0.0205078125 0.041116005873715125
0 0.80517578125 0.34508076358296624 0.0185546875 0.02936857562408223
0 0.95751953125 0.5212922173274597 0.0205078125 0.032305433186490456
0 0.93798828125 0.5814977973568282 0.0224609375 0.04405286343612335
0 0.974609375 0.6328928046989721 0.02734375 0.04698972099853157
0 0.95751953125 0.4397944199706314 0.0185546875 0.033773861967694566
0 0.982421875 0.461086637298091 0.0234375 0.041116005873715125
0 0.93310546875 0.42070484581497797 0.0166015625 0.033773861967694566
0 0.91650390625 0.39133627019089573 0.0166015625 0.027900146842878122
0 0.9287109375 0.3707782672540382 0.017578125 0.030837004405286344
0 0.95263671875 0.355359765051395 0.0185546875 0.0381791483113069
0 0.96728515625 0.32599118942731276 0.0166015625 0.02936857562408223
0 0.98876953125 0.33480176211453744 0.0166015625 0.0381791483113069
0 0.97705078125 0.3935389133627019 0.0146484375 0.041116005873715125
0 0.98583984375 0.4023494860499266 0.0146484375 0.032305433186490456
0 0.90673828125 0.3208516886930984 0.0146484375 0.033773861967694566
0 0.876953125 0.31057268722466963 0.017578125 0.033773861967694566
0 0.8310546875 0.4654919236417034 0.01953125 0.0381791483113069
0 0.7412109375 0.09177679882525698 0.01171875 0.022026431718061675
0 0.76513671875 0.049926578560939794 0.0126953125 0.023494860499265784
0 0.71875 0.06093979441997063 0.01171875 0.024963289280469897
0 0.77001953125 0.09838472834067548 0.0146484375 0.02643171806167401
0 0.7685546875 0.11527165932452275 0.013671875 0.027900146842878122
0 0.77978515625 0.14831130690161526 0.0166015625 0.02936857562408223
0 0.7939453125 0.1277533039647577 0.013671875 0.02643171806167401
0 0.79345703125 0.049926578560939794 0.0146484375 0.023494860499265784
0 0.83740234375 0.10205580029368576 0.0146484375 0.024963289280469897
0 0.810546875 0.19530102790014683 0.017578125 0.02936857562408223
0 0.8408203125 0.18355359765051396 0.015625 0.032305433186490456
0 0.849609375 0.18575624082232012 0.013671875 0.027900146842878122
0 0.85791015625 0.1593245227606461 0.0146484375 0.027900146842878122
0 0.84716796875 0.07415565345080763 0.0146484375 0.027900146842878122
0 0.869140625 0.08957415565345081 0.013671875 0.02643171806167401
0 0.873046875 0.13803230543318648 0.013671875 0.02643171806167401
0 0.8984375 0.1299559471365639 0.013671875 0.027900146842878122
0 0.7763671875 0.08149779735682819 0.013671875 0.022026431718061675
0 0.79052734375 0.06461086637298091 0.0107421875 0.020558002936857563
0 0.81689453125 0.08516886930983847 0.0107421875 0.020558002936857563
0 0.9296875 0.10425844346549193 0.015625 0.02936857562408223
0 0.904296875 0.18649045521292218 0.017578125 0.02936857562408223
0 0.87158203125 0.16079295154185022 0.0166015625 0.024963289280469897
0 0.8916015625 0.2834067547723935 0.017578125 0.03524229074889868
0 0.96484375 0.22246696035242292 0.017578125 0.033773861967694566
0 0.9677734375 0.18795888399412627 0.015625 0.032305433186490456
0 0.93408203125 0.29515418502202645 0.0146484375 0.02936857562408223
0 0.962890625 0.29809104258443464 0.015625 0.032305433186490456
0 0.98193359375 0.16005873715124816 0.0166015625 0.02936857562408223
0 0.99658203125 0.2276064610866373 0.0068359375 0.023494860499265784
0 0.98291015625 0.08883994126284875 0.0126953125 0.024963289280469897
0 0.98681640625 0.1299559471365639 0.0126953125 0.027900146842878122
0 0.8876953125 0.013950073421439061 0.013671875 0.024963289280469897
0 0.94140625 0.22980910425844348 0.01171875 0.024963289280469897
0 0.88671875 0.21292217327459617 0.013671875 0.02643171806167401
0 0.8115234375 0.16593245227606462 0.015625 0.023494860499265784
0 0.40087890625 0.7129221732745962 0.0302734375 0.042584434654919234
0 0.53564453125 0.7474302496328928 0.0283203125 0.04698972099853157
0 0.59033203125 0.7224669603524229 0.0283203125 0.055800293685756244
0 0.63330078125 0.7232011747430249 0.0283203125 0.05433186490455213
0 0.04052734375 0.6857562408223201 0.0283203125 0.04405286343612335
0 0.4423828125 0.37958883994126286 0.03125 0.0631424375917768
0 0.3349609375 0.44933920704845814 0.01953125 0.0381791483113069
0 0.84765625 0.027165932452276064 0.009765625 0.016152716593245228
0 0.8642578125 0.011747430249632892 0.01171875 0.020558002936857563
0 0.8193359375 0.023494860499265784 0.01171875 0.020558002936857563
0 0.7646484375 0.006607929515418502 0.009765625 0.013215859030837005
0 0.85693359375 0.05286343612334802 0.0107421875 0.020558002936857563
0 0.73046875 0.03303964757709251 0.01171875 0.01908957415565345
0 0.330078125 0.30616740088105726 0.013671875 0.027900146842878122
0 0.9951171875 0.2591776798825257 0.0078125 0.024963289280469897
0 0.57177734375 0.21145374449339208 0.0126953125 0.020558002936857563
0 0.13037109375 0.07929515418502203 0.0107421875 0.020558002936857563
0 0.20703125 0.024229074889867842 0.015625 0.022026431718061675
