0 0.123046875 0.6857142857142857 0.08203125 0.16
0 0.4482421875 0.43857142857142856 0.103515625 0.19142857142857142
0 0.5703125 0.34714285714285714 0.0859375 0.1457142857142857
0 0.775390625 0.38857142857142857 0.09375 0.15428571428571428
0 0.802734375 0.66 0.078125 0.14285714285714285
0 0.8505859375 0.15428571428571428 0.068359375 0.15428571428571428
0 0.7001953125 0.20142857142857143 0.068359375 0.13428571428571429
0 0.5205078125 0.10571428571428572 0.068359375 0.12571428571428572
0 0.40625 0.19142857142857142 0.07421875 0.14857142857142858
0 0.2880859375 0.21285714285714286 0.064453125 0.13428571428571429
0 0.2236328125 0.4 0.068359375 0.13714285714285715
