0 0.13818359375 0.3613636363636364 0.0400390625 0.11818181818181818
0 0.22119140625 0.3840909090909091 0.0419921875 0.11818181818181818
0 0.30859375 0.35909090909090907 0.04296875 0.12272727272727273
0 0.38427734375 0.28863636363636364 0.0361328125 0.11363636363636363
0 0.43408203125 0.4102272727272727 0.0380859375 0.10681818181818181
0 0.5205078125 0.41363636363636364 0.03515625 0.1
0 0.556640625 0.3159090909090909 0.03125 0.08636363636363636
0 0.60546875 0.39545454545454545 0.041015625 0.10909090909090909
0 0.68359375 0.31136363636363634 0.041015625 0.11363636363636363
0 0.77001953125 0.33636363636363636 0.0439453125 0.12272727272727273
0 0.8818359375 0.3875 0.044921875 0.125
