0 0.15380859375 0.41774193548387095 0.0595703125 0.14838709677419354
0 0.20458984375 0.35080645161290325 0.0498046875 0.10483870967741936
0 0.28125 0.45483870967741935 0.05859375 0.13225806451612904
0 0.333984375 0.3870967741935484 0.048828125 0.10967741935483871
0 0.3818359375 0.3604838709677419 0.044921875 0.10161290322580645
0 0.3876953125 0.5741935483870968 0.060546875 0.13870967741935483
0 0.4443359375 0.4435483870967742 0.052734375 0.1064516129032258
0 0.45703125 0.5564516129032258 0.05859375 0.13225806451612904
0 0.486328125 0.38064516129032255 0.041015625 0.0967741935483871
0 0.5810546875 0.5145161290322581 0.0546875 0.13225806451612904
0 0.576171875 0.3564516129032258 0.041015625 0.0967741935483871
0 0.65625 0.4064516129032258 0.05078125 0.11290322580645161
0 0.7119140625 0.5766129032258065 0.05078125 0.11129032258064517
0 0.84619140625 0.43870967741935485 0.0556640625 0.11290322580645161
