0 0.0380859375 0.44668587896253603 0.017578125 0.05763688760806916
0 0.3564453125 0.20605187319884727 0.044921875 0.15273775216138327
0 0.25732421875 0.6152737752161384 0.0166015625 0.10662824207492795
0 0.29345703125 0.6858789625360231 0.0107421875 0.0345821325648415
0 0.31640625 0.7017291066282421 0.01171875 0.04899135446685879
0 0.3291015625 0.6685878962536023 0.01171875 0.02881844380403458
0 0.35546875 0.6873198847262247 0.009765625 0.037463976945244955
0 0.390625 0.6959654178674352 0.009765625 0.037463976945244955
0 0.42724609375 0.6556195965417867 0.0107421875 0.043227665706051875
0 0.4716796875 0.6268011527377522 0.015625 0.04899135446685879
0 0.90673828125 0.2478386167146974 0.0185546875 0.08645533141210375
