0 0.1318359375 0.3860677083333333 0.0390625 0.06901041666666667
0 0.2578125 0.3990885416666667 0.037109375 0.06380208333333333
0 0.34814453125 0.4192708333333333 0.0380859375 0.0546875
0 0.4404296875 0.4186197916666667 0.03515625 0.055989583333333336
0 0.51806640625 0.427734375 0.0283203125 0.05078125
0 0.564453125 0.4108072916666667 0.02734375 0.04296875
0 0.6142578125 0.4270833333333333 0.03125 0.0546875
0 0.6806640625 0.4127604166666667 0.029296875 0.046875
0 0.78173828125 0.4147135416666667 0.0361328125 0.04296875
0 0.85986328125 0.3971354166666667 0.0341796875 0.046875
