0 0.09033203125 0.4422514619883041 0.0205078125 0.039473684210526314
0 0.115234375 0.4466374269005848 0.017578125 0.033625730994152045
0 0.1826171875 0.4473684210526316 0.015625 0.03216374269005848
0 0.2109375 0.4502923976608187 0.017578125 0.029239766081871343
0 0.24365234375 0.47076023391812866 0.0185546875 0.03508771929824561
0 0.26123046875 0.43201754385964913 0.0205078125 0.039473684210526314
0 0.2919921875 0.45760233918128657 0.013671875 0.02631578947368421
0 0.337890625 0.4510233918128655 0.01953125 0.03070175438596491
0 0.4521484375 0.44005847953216376 0.015625 0.04093567251461988
0 0.4990234375 0.4619883040935672 0.015625 0.03508771929824561
0 0.51513671875 0.4510233918128655 0.0146484375 0.027777777777777776
0 0.56298828125 0.41739766081871343 0.0185546875 0.05116959064327485
0 0.5888671875 0.4305555555555556 0.01953125 0.039473684210526314
0 0.658203125 0.4276315789473684 0.021484375 0.04239766081871345
0 0.716796875 0.41739766081871343 0.01953125 0.03654970760233918
0 0.724609375 0.43128654970760233 0.015625 0.038011695906432746
0 0.75732421875 0.4678362573099415 0.0205078125 0.043859649122807015
0 0.73779296875 0.5423976608187134 0.0205078125 0.043859649122807015
0 0.806640625 0.43201754385964913 0.021484375 0.039473684210526314
0 0.798828125 0.5416666666666666 0.025390625 0.04532163742690058
0 0.85302734375 0.44005847953216376 0.0166015625 0.03216374269005848
0 0.87158203125 0.3991228070175439 0.0302734375 0.05263157894736842
0 0.92333984375 0.4342105263157895 0.0205078125 0.03216374269005848
0 0.947265625 0.4422514619883041 0.015625 0.039473684210526314
0 0.97509765625 0.3603801169590643 0.0126953125 0.06286549707602339
