0 0.255859375 0.0950207468879668 0.14453125 0.12697095435684647
0 0.08984375 0.20622406639004148 0.060546875 0.05726141078838174
0 0.86962890625 0.2091286307053942 0.0595703125 0.054771784232365145
0 0.80224609375 0.16804979253112035 0.0478515625 0.04730290456431535
0 0.8466796875 0.13112033195020747 0.015625 0.023236514522821577
0 0.78271484375 0.12033195020746888 0.0244140625 0.024896265560165973
0 0.58251953125 0.14149377593360996 0.0166015625 0.024066390041493777
0 0.54931640625 0.12572614107883817 0.0185546875 0.022406639004149378
0 0.94775390625 0.13319502074688797 0.0322265625 0.03402489626556016
0 0.99072265625 0.14356846473029045 0.0185546875 0.028215767634854772
