0 0.11962890625 0.4429307805596465 0.0634765625 0.05670103092783505
0 0.1513671875 0.42488954344624447 0.068359375 0.05891016200294551
0 0.2841796875 0.4329896907216495 0.05078125 0.050073637702503684
0 0.333984375 0.43483063328424154 0.056640625 0.04344624447717231
0 0.412109375 0.4536082474226804 0.046875 0.05154639175257732
0 0.513671875 0.44624447717231225 0.05078125 0.053019145802650956
0 0.623046875 0.41568483063328426 0.056640625 0.05522827687776141
0 0.81201171875 0.4024300441826215 0.0576171875 0.05522827687776141
0 0.8369140625 0.4267304860088365 0.046875 0.05522827687776141
0 0.9599609375 0.4429307805596465 0.0546875 0.04491899852724595
