0 0.9609375 0.07153284671532846 0.025390625 0.06715328467153285
0 0.2099609375 0.3029197080291971 0.044921875 0.07445255474452554
0 0.6328125 0.21605839416058395 0.041015625 0.10218978102189781
0 0.6435546875 0.05547445255474453 0.009765625 0.035036496350364967
0 0.48876953125 0.0948905109489051 0.0205078125 0.040875912408759124
0 0.56884765625 0.10875912408759124 0.0107421875 0.027737226277372264
0 0.70166015625 0.14817518248175182 0.0283203125 0.05401459854014599
0 0.818359375 0.07591240875912408 0.01953125 0.049635036496350364
0 0.7509765625 0.025547445255474453 0.01171875 0.027737226277372264
0 0.90625 0.022627737226277374 0.015625 0.042335766423357665
0 0.68408203125 0.025547445255474453 0.0107421875 0.024817518248175182
0 0.37646484375 0.24306569343065693 0.0400390625 0.07153284671532846
0 0.44287109375 0.3014598540145985 0.1220703125 0.22043795620437956
0 0.1748046875 0.3927007299270073 0.0390625 0.10510948905109489
0 0.06005859375 0.26423357664233577 0.0244140625 0.043795620437956206
0 0.17724609375 0.19854014598540146 0.0205078125 0.049635036496350364
0 0.25048828125 0.20145985401459854 0.0224609375 0.05547445255474453
0 0.7783203125 0.03722627737226277 0.017578125 0.03941605839416058
