0 0.1318359375 0.4156414762741652 0.015625 0.040421792618629174
0 0.16748046875 0.4077328646748682 0.0185546875 0.04569420035149385
0 0.25927734375 0.4077328646748682 0.0185546875 0.05272407732864675
0 0.28564453125 0.4173989455184534 0.0166015625 0.04745166959578207
0 0.81103515625 0.39806678383128297 0.0322265625 0.06502636203866433
0 0.73388671875 0.36818980667838314 0.0302734375 0.061511423550087874
0 0.66650390625 0.39718804920913886 0.0283203125 0.0492091388400703
0 0.63671875 0.3655536028119508 0.02734375 0.05975395430579965
0 0.56201171875 0.4068541300527241 0.0283203125 0.061511423550087874
0 0.56884765625 0.3374340949033392 0.0263671875 0.056239015817223195
0 0.50439453125 0.4007029876977153 0.0322265625 0.0632688927943761
0 0.46875 0.3427065026362039 0.02734375 0.05975395430579965
0 0.40966796875 0.37346221441124783 0.0263671875 0.054481546572934976
0 0.34130859375 0.37873462214411246 0.0283203125 0.061511423550087874
