0 0.57373046875 0.3790637191157347 0.0322265625 0.0611183355006502
0 0.1240234375 0.21326397919375814 0.01953125 0.033810143042912875
0 0.02685546875 0.21456436931079323 0.0087890625 0.02080624187256177
0 0.0537109375 0.18855656697009102 0.015625 0.02340702210663199
0 0.05517578125 0.3094928478543563 0.0185546875 0.033810143042912875
0 0.09716796875 0.3094928478543563 0.0205078125 0.031209362808842653
0 0.15087890625 0.31144343302990896 0.0244140625 0.0377113133940182
0 0.15478515625 0.3732119635890767 0.0263671875 0.031209362808842653
0 0.2373046875 0.3660598179453836 0.021484375 0.035110533159947985
0 0.14599609375 0.20156046814044212 0.0166015625 0.02860858257477243
0 0.21240234375 0.21196358907672302 0.0126953125 0.02860858257477243
0 0.271484375 0.20741222366710013 0.0234375 0.035110533159947985
0 0.31884765625 0.21391417425227569 0.0146484375 0.02990897269180754
0 0.34033203125 0.2223667100130039 0.0185546875 0.02860858257477243
0 0.2470703125 0.21391417425227569 0.005859375 0.011703511053315995
0 0.22412109375 0.24967490247074123 0.0087890625 0.010403120936280884
0 0.03466796875 0.33355006501950585 0.0263671875 0.04031209362808843
0 0.3583984375 0.20741222366710013 0.015625 0.0247074122236671
0 0.39013671875 0.21586475942782835 0.0166015625 0.02860858257477243
0 0.48291015625 0.17945383615084526 0.0322265625 0.05981794538361508
0 0.58740234375 0.20156046814044212 0.0224609375 0.031209362808842653
0 0.603515625 0.2444733420026008 0.0234375 0.036410923276983094
0 0.63818359375 0.2555266579973992 0.0224609375 0.0247074122236671
0 0.65380859375 0.19505851755526657 0.0107421875 0.031209362808842653
0 0.69189453125 0.2093628088426528 0.0107421875 0.031209362808842653
0 0.43896484375 0.2152145643693108 0.0068359375 0.01950585175552666
0 0.75634765625 0.2789336801040312 0.0146484375 0.022106631989596878
0 0.82861328125 0.25942782834850453 0.0361328125 0.05851755526657997
0 0.9228515625 0.20806241872561768 0.033203125 0.05981794538361508
