0 0.2333984375 0.14783047426841575 0.037109375 0.04742684157416751
0 0.35302734375 0.24268415741675076 0.0341796875 0.05348133198789102
0 0.22998046875 0.29011099899091825 0.0400390625 0.05348133198789102
0 0.310546875 0.33955600403632696 0.03515625 0.05348133198789102
0 0.37060546875 0.38092835519677093 0.0400390625 0.05751765893037336
0 0.46630859375 0.40514631685166497 0.0419921875 0.055499495459132187
0 0.62548828125 0.2522704339051463 0.0322265625 0.034308779011099896
0 0.671875 0.4853683148335015 0.041015625 0.056508577194752774
0 0.61279296875 0.46417759838546924 0.0341796875 0.056508577194752774
0 0.5634765625 0.4899091826437941 0.03515625 0.05348133198789102
