0 0.0263671875 0.2841463414634146 0.02734375 0.041463414634146344
0 0.11572265625 0.2634146341463415 0.0224609375 0.03414634146341464
0 0.1640625 0.22378048780487805 0.021484375 0.03536585365853658
0 0.18505859375 0.2225609756097561 0.0166015625 0.03048780487804878
0 0.08740234375 0.21280487804878048 0.0146484375 0.018292682926829267
0 0.05908203125 0.24390243902439024 0.0166015625 0.026829268292682926
0 0.0703125 0.24451219512195121 0.009765625 0.025609756097560974
0 0.146484375 0.21402439024390243 0.009765625 0.020731707317073172
0 0.14501953125 0.2969512195121951 0.0439453125 0.05731707317073171
0 0.2041015625 0.31646341463414634 0.03515625 0.0475609756097561
0 0.2265625 0.2658536585365854 0.021484375 0.036585365853658534
0 0.3388671875 0.26402439024390245 0.046875 0.07682926829268293
0 0.40576171875 0.29817073170731706 0.0302734375 0.054878048780487805
0 0.47802734375 0.3146341463414634 0.0126953125 0.026829268292682926
0 0.5205078125 0.2920731707317073 0.0234375 0.03780487804878049
0 0.568359375 0.2731707317073171 0.046875 0.08048780487804878
0 0.52294921875 0.45 0.0634765625 0.09268292682926829
0 0.0751953125 0.4768292682926829 0.02734375 0.041463414634146344
0 0.63671875 0.3676829268292683 0.044921875 0.08170731707317073
0 0.82666015625 0.39634146341463417 0.0439453125 0.09024390243902439
0 0.654296875 0.27134146341463417 0.029296875 0.05731707317073171
0 0.68994140625 0.21341463414634146 0.0185546875 0.03414634146341464
0 0.84130859375 0.348780487804878 0.0380859375 0.06097560975609756
0 0.833984375 0.2914634146341463 0.037109375 0.04390243902439024
0 0.95361328125 0.38353658536585367 0.0419921875 0.07926829268292683
0 0.96875 0.3146341463414634 0.03515625 0.05121951219512195
0 0.85009765625 0.8091463414634147 0.0654296875 0.09390243902439024
0 0.8134765625 0.7140243902439024 0.05078125 0.0524390243902439
0 0.0078125 0.25853658536585367 0.015625 0.03414634146341464
0 0.1142578125 0.2371951219512195 0.01953125 0.02804878048780488
0 0.29541015625 0.3152439024390244 0.0205078125 0.03780487804878049
0 0.4970703125 0.18536585365853658 0.005859375 0.007317073170731708
