0 0.013671875 0.14035087719298245 0.02734375 0.07602339181286549
0 0.0830078125 0.14327485380116958 0.037109375 0.05555555555555555
0 0.177734375 0.1615497076023392 0.04296875 0.06871345029239766
0 0.23779296875 0.13596491228070176 0.0380859375 0.05847953216374269
0 0.2470703125 0.3442982456140351 0.076171875 0.1476608187134503
0 0.466796875 0.16666666666666666 0.078125 0.17251461988304093
0 0.6640625 0.2631578947368421 0.05859375 0.14327485380116958
0 0.80419921875 0.07309941520467836 0.0537109375 0.0847953216374269
0 0.5947265625 0.17690058479532164 0.046875 0.07894736842105263
0 0.68603515625 0.10453216374269006 0.0400390625 0.06578947368421052
0 0.7373046875 0.1652046783625731 0.044921875 0.06140350877192982
0 0.896484375 0.10160818713450293 0.04296875 0.06286549707602339
0 0.95361328125 0.11038011695906433 0.0302734375 0.04532163742690058
0 0.9912109375 0.07675438596491228 0.015625 0.09210526315789473
0 0.41064453125 0.13961988304093567 0.0322265625 0.054093567251461985
