0 0.193359375 0.3360995850622407 0.025390625 0.03319502074688797
0 0.07763671875 0.3457814661134163 0.0205078125 0.022130013831258646
0 0.17626953125 0.34439834024896265 0.0166015625 0.022130013831258646
0 0.3427734375 0.2676348547717842 0.03125 0.05394190871369295
0 0.26611328125 0.29045643153526973 0.0283203125 0.058091286307053944
0 0.42822265625 0.33955739972337484 0.0224609375 0.042876901798063624
1 0.45849609375 0.28907330567081607 0.0380859375 0.0636237897648686
0 0.51904296875 0.32295988934993086 0.0244140625 0.048409405255878286
0 0.6201171875 0.1590594744121715 0.044921875 0.08575380359612725
0 0.8310546875 0.27247579529737204 0.0390625 0.04979253112033195
0 0.77294921875 0.34439834024896265 0.0322265625 0.04149377593360996
0 0.9912109375 0.37136929460580914 0.017578125 0.029045643153526972
