0 0.1982421875 0.3350694444444444 0.025390625 0.0625
0 0.28271484375 0.3194444444444444 0.0244140625 0.05555555555555555
0 0.228515625 0.4765625 0.025390625 0.057291666666666664
0 0.14794921875 0.5 0.0224609375 0.059027777777777776
0 0.2607421875 0.3914930555555556 0.021484375 0.050347222222222224
0 0.203125 0.4036458333333333 0.021484375 0.05381944444444445
0 0.232421875 0.4314236111111111 0.025390625 0.06076388888888889
0 0.33837890625 0.3819444444444444 0.0244140625 0.059027777777777776
0 0.2978515625 0.5069444444444444 0.0234375 0.052083333333333336
0 0.376953125 0.4435763888888889 0.025390625 0.06076388888888889
0 0.52734375 0.4166666666666667 0.02734375 0.06944444444444445
0 0.42041015625 0.3975694444444444 0.0224609375 0.052083333333333336
0 0.3720703125 0.3307291666666667 0.0234375 0.057291666666666664
0 0.44677734375 0.3550347222222222 0.0185546875 0.05381944444444445
0 0.52490234375 0.3211805555555556 0.0244140625 0.052083333333333336
0 0.796875 0.3923611111111111 0.0234375 0.04861111111111111
0 0.76806640625 0.3237847222222222 0.0263671875 0.057291666666666664
0 0.68701171875 0.3411458333333333 0.0244140625 0.057291666666666664
0 0.72021484375 0.4279513888888889 0.0244140625 0.050347222222222224
0 0.73828125 0.4835069444444444 0.02734375 0.05381944444444445
0 0.64599609375 0.4453125 0.0224609375 0.0642361111111111
0 0.578125 0.3967013888888889 0.025390625 0.06770833333333333
0 0.61181640625 0.3394097222222222 0.0244140625 0.057291666666666664
0 0.509765625 0.4001736111111111 0.025390625 0.046875
0 0.64306640625 0.4201388888888889 0.0205078125 0.04861111111111111
