0 0.7138671875 0.24544270833333334 0.173828125 0.2981770833333333
0 0.46826171875 0.14778645833333334 0.0966796875 0.13932291666666666
0 0.4970703125 0.7526041666666666 0.029296875 0.049479166666666664
0 0.19189453125 0.7740885416666666 0.0146484375 0.022135416666666668
0 0.17919921875 0.7447916666666666 0.0087890625 0.015625
0 0.20556640625 0.7552083333333334 0.0087890625 0.015625
0 0.2626953125 0.783203125 0.0078125 0.016927083333333332
0 0.3603515625 0.73046875 0.013671875 0.0234375
0 0.2705078125 0.7109375 0.0078125 0.015625
0 0.2470703125 0.7259114583333334 0.0078125 0.014322916666666666
0 0.029296875 0.7330729166666666 0.01953125 0.026041666666666668
0 0.1552734375 0.78125 0.0078125 0.013020833333333334
0 0.4248046875 0.763671875 0.009765625 0.016927083333333332
0 0.19482421875 0.71875 0.0068359375 0.015625
0 0.17236328125 0.8229166666666666 0.0087890625 0.018229166666666668
0 0.16259765625 0.8079427083333334 0.0087890625 0.016927083333333332
0 0.2529296875 0.7486979166666666 0.009765625 0.015625
0 0.228515625 0.71875 0.0078125 0.015625
0 0.23095703125 0.7669270833333334 0.0087890625 0.010416666666666666
0 0.26806640625 0.8177083333333334 0.0087890625 0.015625
0 0.2900390625 0.732421875 0.0078125 0.014322916666666666
0 0.18896484375 0.7102864583333334 0.0087890625 0.016927083333333332
0 0.169921875 0.7265625 0.009765625 0.018229166666666668
0 0.23095703125 0.8170572916666666 0.0107421875 0.016927083333333332
0 0.29150390625 0.7858072916666666 0.0048828125 0.01171875
0 0.279296875 0.7649739583333334 0.005859375 0.01171875
0 0.205078125 0.7044270833333334 0.0078125 0.0078125
0 0.17138671875 0.7115885416666666 0.0087890625 0.01171875
0 0.2353515625 0.77734375 0.009765625 0.015625
0 0.2060546875 0.7734375 0.005859375 0.0078125
0 0.17626953125 0.763671875 0.0048828125 0.01171875
