0 0.5263671875 0.33357771260997066 0.021484375 0.045454545454545456
0 0.56494140625 0.30791788856304986 0.0244140625 0.03812316715542522
0 0.6083984375 0.34457478005865105 0.02734375 0.04398826979472141
0 0.6484375 0.312316715542522 0.025390625 0.04105571847507331
0 0.69091796875 0.3020527859237537 0.0244140625 0.04398826979472141
0 0.724609375 0.29838709677419356 0.021484375 0.039589442815249266
0 0.779296875 0.31158357771260997 0.0234375 0.054252199413489736
0 0.80712890625 0.30131964809384165 0.0185546875 0.039589442815249266
0 0.87060546875 0.2998533724340176 0.0224609375 0.045454545454545456
0 0.759765625 0.44501466275659823 0.02734375 0.060117302052785926
0 0.6640625 0.4318181818181818 0.02734375 0.05718475073313783
0 0.56884765625 0.4479472140762463 0.0302734375 0.054252199413489736
0 0.1376953125 0.3189149560117302 0.025390625 0.04838709677419355
0 0.18115234375 0.3057184750733138 0.0263671875 0.04838709677419355
0 0.23828125 0.31451612903225806 0.025390625 0.04838709677419355
0 0.28369140625 0.3196480938416422 0.0263671875 0.04985337243401759
0 0.3271484375 0.3218475073313783 0.021484375 0.04252199413489736
0 0.38134765625 0.3321114369501466 0.0244140625 0.051319648093841645
0 0.41357421875 0.3225806451612903 0.0224609375 0.0469208211143695
0 0.44580078125 0.33724340175953077 0.0244140625 0.04985337243401759
0 0.49169921875 0.31744868035190615 0.0224609375 0.045454545454545456
0 0.34912109375 0.4604105571847507 0.0283203125 0.05278592375366569
0 0.44189453125 0.4670087976539589 0.0283203125 0.054252199413489736
0 0.55224609375 0.5747800586510264 0.0322265625 0.06744868035190615
0 0.4794921875 0.5674486803519062 0.03125 0.06158357771260997
