0 0.46142578125 0.3931034482758621 0.0263671875 0.06551724137931035
0 0.5234375 0.3706896551724138 0.021484375 0.05517241379310345
0 0.59228515625 0.4068965517241379 0.0263671875 0.06206896551724138
0 0.60546875 0.3482758620689655 0.025390625 0.05862068965517241
0 0.65185546875 0.33017241379310347 0.0244140625 0.06379310344827586
0 0.6640625 0.41206896551724137 0.02734375 0.06206896551724138
0 0.68798828125 0.375 0.0224609375 0.0603448275862069
0 0.75390625 0.38189655172413794 0.025390625 0.0603448275862069
0 0.82275390625 0.3905172413793103 0.0263671875 0.0706896551724138
0 0.896484375 0.4060344827586207 0.02734375 0.0706896551724138
0 0.14599609375 0.36379310344827587 0.0224609375 0.06206896551724138
0 0.2197265625 0.378448275862069 0.0234375 0.05344827586206897
0 0.2568359375 0.3543103448275862 0.0234375 0.05
0 0.298828125 0.38448275862068965 0.025390625 0.06206896551724138
0 0.35009765625 0.3896551724137931 0.0244140625 0.05862068965517241
0 0.3642578125 0.32413793103448274 0.0234375 0.05862068965517241
0 0.41650390625 0.36810344827586206 0.0244140625 0.0603448275862069
0 0.4384765625 0.32241379310344825 0.0234375 0.05172413793103448
