0 0.654296875 0.46255506607929514 0.017578125 0.03524229074889868
0 0.71044921875 0.461086637298091 0.0185546875 0.032305433186490456
0 0.75341796875 0.4544787077826725 0.0166015625 0.033773861967694566
0 0.794921875 0.4647577092511013 0.015625 0.027900146842878122
0 0.8037109375 0.36123348017621143 0.015625 0.03524229074889868
0 0.6865234375 0.34801762114537443 0.017578125 0.032305433186490456
0 0.63671875 0.34508076358296624 0.015625 0.03524229074889868
0 0.5859375 0.34508076358296624 0.017578125 0.02936857562408223
0 0.8427734375 0.4500734214390602 0.017578125 0.03671071953010279
0 0.76611328125 0.5866372980910426 0.0185546875 0.03671071953010279
0 0.81494140625 0.6468428781204112 0.0166015625 0.03671071953010279
0 0.7138671875 0.6189427312775331 0.017578125 0.033773861967694566
0 0.66748046875 0.6483113069016153 0.0185546875 0.027900146842878122
0 0.611328125 0.6358296622613803 0.017578125 0.03524229074889868
0 0.5361328125 0.6328928046989721 0.017578125 0.03524229074889868
0 0.744140625 0.328928046989721 0.017578125 0.032305433186490456
0 0.1826171875 0.44640234948604995 0.015625 0.02643171806167401
0 0.23486328125 0.45594713656387664 0.0166015625 0.030837004405286344
0 0.271484375 0.4434654919236417 0.015625 0.02936857562408223
0 0.30615234375 0.460352422907489 0.0146484375 0.027900146842878122
0 0.34814453125 0.460352422907489 0.0166015625 0.033773861967694566
0 0.38330078125 0.4544787077826725 0.0146484375 0.030837004405286344
0 0.41455078125 0.4552129221732746 0.0146484375 0.02936857562408223
0 0.45703125 0.4412628487518355 0.017578125 0.027900146842878122
0 0.201171875 0.6035242290748899 0.01953125 0.03524229074889868
0 0.26416015625 0.6248164464023495 0.0185546875 0.03671071953010279
0 0.333984375 0.6240822320117474 0.017578125 0.0381791483113069
0 0.4140625 0.6226138032305433 0.017578125 0.03524229074889868
0 0.46484375 0.5807635829662261 0.015625 0.033773861967694566
0 0.095703125 0.3641703377386197 0.017578125 0.02643171806167401
0 0.13623046875 0.37591776798825255 0.0146484375 0.02643171806167401
0 0.17626953125 0.3634361233480176 0.0146484375 0.022026431718061675
0 0.2138671875 0.3590308370044053 0.013671875 0.030837004405286344
0 0.26513671875 0.3303964757709251 0.0185546875 0.0381791483113069
0 0.3212890625 0.33847283406754775 0.015625 0.030837004405286344
0 0.36767578125 0.3436123348017621 0.0166015625 0.02936857562408223
0 0.42626953125 0.3509544787077827 0.0146484375 0.02643171806167401
0 0.4931640625 0.3634361233480176 0.015625 0.027900146842878122
0 0.5322265625 0.34287812041116006 0.017578125 0.033773861967694566
0 0.564453125 0.4552129221732746 0.017578125 0.03524229074889868
0 0.61083984375 0.46622613803230545 0.0146484375 0.027900146842878122
0 0.92919921875 0.4985315712187959 0.0185546875 0.024963289280469897
0 0.89501953125 0.6093979441997063 0.0185546875 0.03524229074889868
0 0.84765625 0.6020558002936858 0.017578125 0.03524229074889868
0 0.13037109375 0.6453744493392071 0.0205078125 0.033773861967694566
0 0.5126953125 0.45594713656387664 0.017578125 0.027900146842878122
