0 0.08349609375 0.15815485996705106 0.0341796875 0.085667215815486
0 0.14501953125 0.18204283360790774 0.0361328125 0.08072487644151564
0 0.2041015625 0.14909390444810544 0.029296875 0.07084019769357495
0 0.2265625 0.37397034596375617 0.03515625 0.06260296540362438
0 0.25927734375 0.1630971993410214 0.0263671875 0.05271828665568369
0 0.30322265625 0.14332784184514002 0.0263671875 0.06919275123558484
0 0.36279296875 0.08401976935749589 0.0302734375 0.05601317957166392
0 0.45849609375 0.051894563426688634 0.0283203125 0.0642504118616145
0 0.4365234375 0.12685337726523888 0.033203125 0.07907742998352553
0 0.501953125 0.12108731466227347 0.025390625 0.0642504118616145
0 0.15478515625 0.5189456342668863 0.0400390625 0.08237232289950576
0 0.328125 0.37808896210873144 0.033203125 0.06754530477759473
0 0.31201171875 0.5403624382207578 0.0400390625 0.10214168039538715
0 0.44140625 0.3747940691927512 0.03125 0.057660626029654036
0 0.51318359375 0.35502471169686983 0.0302734375 0.07413509060955518
0 0.45703125 0.5395387149917628 0.0390625 0.08731466227347612
0 0.564453125 0.10378912685337727 0.02734375 0.06919275123558484
0 0.60888671875 0.07990115321252059 0.0263671875 0.060955518945634266
0 0.6484375 0.08401976935749589 0.0234375 0.05601317957166392
0 0.7001953125 0.09225700164744646 0.02734375 0.06260296540362438
0 0.76318359375 0.11202635914332784 0.0283203125 0.05930807248764415
0 0.80322265625 0.11367380560131796 0.0341796875 0.06919275123558484
0 0.90185546875 0.0815485996705107 0.0361328125 0.08072487644151564
0 0.6171875 0.3319604612850082 0.03125 0.07742998352553541
0 0.685546875 0.32207578253706753 0.03125 0.07084019769357495
0 0.62109375 0.4958813838550247 0.041015625 0.09225700164744646
0 0.7529296875 0.28665568369028005 0.033203125 0.07248764415156507
0 0.796875 0.4917627677100494 0.0390625 0.07742998352553541
0 0.9052734375 0.4464579901153213 0.04296875 0.085667215815486
