0 0.18896484375 0.31755725190839695 0.0458984375 0.0916030534351145
0 0.3115234375 0.3473282442748092 0.03515625 0.06259541984732825
0 0.30078125 0.4305343511450382 0.041015625 0.07938931297709924
0 0.392578125 0.31297709923664124 0.037109375 0.08244274809160305
0 0.43017578125 0.37251908396946565 0.0439453125 0.0916030534351145
0 0.53076171875 0.3099236641221374 0.0419921875 0.08549618320610687
0 0.66650390625 0.33053435114503815 0.0380859375 0.0900763358778626
0 0.775390625 0.3580152671755725 0.041015625 0.08396946564885496
0 0.65625 0.5595419847328245 0.048828125 0.10229007633587786
0 0.88623046875 0.3351145038167939 0.0458984375 0.08091603053435115
