0 0.5068359375 0.5182291666666666 0.009765625 0.015625
0 0.23388671875 0.48046875 0.0400390625 0.07291666666666667
0 0.32666015625 0.48828125 0.0263671875 0.044270833333333336
0 0.3515625 0.494140625 0.015625 0.032552083333333336
0 0.3828125 0.5045572916666666 0.013671875 0.029947916666666668
0 0.43212890625 0.5104166666666666 0.0166015625 0.028645833333333332
0 0.447265625 0.4947916666666667 0.01171875 0.03125
0 0.49609375 0.525390625 0.015625 0.022135416666666668
0 0.412109375 0.4973958333333333 0.01171875 0.0234375
0 0.51904296875 0.509765625 0.0107421875 0.01953125
0 0.53076171875 0.5052083333333334 0.0087890625 0.013020833333333334
0 0.5439453125 0.5084635416666666 0.01171875 0.01953125
0 0.57080078125 0.498046875 0.0107421875 0.016927083333333332
0 0.48095703125 0.5110677083333334 0.0087890625 0.016927083333333332
0 0.560546875 0.521484375 0.009765625 0.014322916666666666
0 0.01708984375 0.5221354166666666 0.0283203125 0.059895833333333336
0 0.0986328125 0.53125 0.02734375 0.052083333333333336
0 0.20361328125 0.498046875 0.0185546875 0.032552083333333336
