0 0.2490234375 0.2699652777777778 0.01171875 0.03298611111111111
0 0.359375 0.3619791666666667 0.025390625 0.06076388888888889
0 0.46923828125 0.5112847222222222 0.0322265625 0.07118055555555555
0 0.65576171875 0.3072916666666667 0.0458984375 0.0798611111111111
0 0.341796875 0.3854166666666667 0.029296875 0.06597222222222222
0 0.419921875 0.5069444444444444 0.021484375 0.0798611111111111
0 0.85791015625 0.3784722222222222 0.0400390625 0.12152777777777778
0 0.509765625 0.2855902777777778 0.017578125 0.036458333333333336
0 0.39306640625 0.4887152777777778 0.0283203125 0.08506944444444445
0 0.02392578125 0.23697916666666666 0.0087890625 0.022569444444444444
