0 0.4521484375 0.18273381294964028 0.05859375 0.12086330935251799
0 0.5390625 0.2647482014388489 0.044921875 0.06618705035971223
0 0.65185546875 0.26762589928057556 0.0302734375 0.060431654676258995
0 0.6943359375 0.24316546762589927 0.03515625 0.060431654676258995
0 0.74462890625 0.260431654676259 0.0205078125 0.04028776978417266
0 0.9111328125 0.23884892086330936 0.015625 0.025899280575539568
0 0.8388671875 0.28345323741007195 0.0703125 0.1237410071942446
0 0.9462890625 0.21223021582733814 0.0234375 0.03884892086330935
0 0.10205078125 0.3906474820143885 0.0966796875 0.2460431654676259
0 0.26806640625 0.32805755395683456 0.0654296875 0.12949640287769784
