0 0.197265625 0.6936063218390804 0.037109375 0.032327586206896554
0 0.44384765625 0.6892959770114943 0.0400390625 0.035201149425287355
0 0.50830078125 0.6828304597701149 0.0322265625 0.03089080459770115
0 0.58544921875 0.5844109195402298 0.0341796875 0.032327586206896554
0 0.71923828125 0.7061781609195402 0.0419921875 0.03879310344827586
0 0.49658203125 0.5890804597701149 0.0263671875 0.03017241379310345
0 0.3466796875 0.6145833333333334 0.03515625 0.032327586206896554
0 0.16796875 0.6932471264367817 0.02734375 0.03017241379310345
0 0.85400390625 0.608117816091954 0.0341796875 0.033764367816091954
0 0.71923828125 0.5678879310344828 0.0322265625 0.032327586206896554
0 0.81982421875 0.5427442528735632 0.0302734375 0.03089080459770115
0 0.8798828125 0.6063218390804598 0.0234375 0.031609195402298854
0 0.77490234375 0.6882183908045977 0.0341796875 0.031609195402298854
0 0.794921875 0.5348419540229885 0.0234375 0.029454022988505746
