0 0.80126953125 0.7967667436489607 0.0439453125 0.04003079291762895
0 0.89599609375 0.7571208622016936 0.0322265625 0.03464203233256351
0 0.63232421875 0.7294072363356428 0.0322265625 0.03156274056966898
0 0.4990234375 0.7494226327944573 0.033203125 0.03156274056966898
0 0.44140625 0.7686682063125481 0.03515625 0.03464203233256351
0 0.28955078125 0.8033102386451116 0.0322265625 0.033102386451116246
0 0.22705078125 0.8044649730561971 0.0380859375 0.03849114703618168
0 0.22509765625 0.7282525019245574 0.0322265625 0.030792917628945343
0 0.13916015625 0.7351809083910701 0.0263671875 0.02771362586605081
0 0.1357421875 0.6558891454965358 0.03125 0.03541185527328714
0 0.5126953125 0.6966897613548884 0.03515625 0.04003079291762895
0 0.76220703125 0.6685912240184757 0.0322265625 0.03464203233256351
0 0.59912109375 0.6732101616628176 0.0283203125 0.036181678214010776
0 0.6474609375 0.6670515781370285 0.03125 0.03464203233256351
0 0.61865234375 0.6501154734411085 0.0302734375 0.03002309468822171
0 0.5849609375 0.642802155504234 0.03515625 0.03695150115473441
0 0.61083984375 0.6173979984603541 0.0263671875 0.02771362586605081
0 0.5498046875 0.6031562740569669 0.033203125 0.03156274056966898
0 0.73291015625 0.7971516551193225 0.0341796875 0.036181678214010776
0 0.77880859375 0.8025404157043879 0.0341796875 0.033102386451116246
0 0.2841796875 0.6624326404926867 0.03125 0.03464203233256351
0 0.28857421875 0.6200923787528868 0.0263671875 0.026943802925327175
0 0.44140625 0.7032332563510393 0.02734375 0.036181678214010776
0 0.65673828125 0.7859892224788299 0.0380859375 0.03849114703618168
0 0.54345703125 0.7940723633564281 0.0341796875 0.036181678214010776
0 0.4873046875 0.5912240184757506 0.015625 0.016936104695919937
0 0.2939453125 0.7147806004618937 0.02734375 0.033102386451116246
0 0.1396484375 0.6893764434180139 0.017578125 0.025404157043879907
