0 0.484375 0.5565345080763583 0.0078125 0.014684287812041116
0 0.37841796875 0.5572687224669604 0.0048828125 0.007342143906020558
0 0.109375 0.5044052863436124 0.0078125 0.013215859030837005
0 0.46142578125 0.5719530102790015 0.0048828125 0.007342143906020558
0 0.17236328125 0.42731277533039647 0.0302734375 0.049926578560939794
0 0.2509765625 0.486784140969163 0.017578125 0.030837004405286344
0 0.2158203125 0.5279001468428781 0.009765625 0.016152716593245228
0 0.29736328125 0.5073421439060205 0.0126953125 0.022026431718061675
0 0.72265625 0.4045521292217327 0.0390625 0.07488986784140969
0 0.6357421875 0.49265785609397944 0.0234375 0.048458149779735685
0 0.5478515625 0.5308370044052864 0.015625 0.022026431718061675
0 0.9765625 0.617474302496329 0.021484375 0.033773861967694566
0 0.88427734375 0.5425844346549192 0.0166015625 0.030837004405286344
0 0.9462890625 0.5594713656387665 0.013671875 0.023494860499265784
0 0.8994140625 0.552863436123348 0.01171875 0.022026431718061675
0 0.064453125 0.49632892804698975 0.01171875 0.023494860499265784
0 0.0390625 0.48237885462555063 0.013671875 0.022026431718061675
0 0.5830078125 0.5580029368575624 0.009765625 0.01762114537444934
0 0.50927734375 0.5624082232011748 0.0087890625 0.01762114537444934
0 0.56982421875 0.5682819383259912 0.0068359375 0.014684287812041116
0 0.36181640625 0.5440528634361234 0.0087890625 0.016152716593245228
0 0.32763671875 0.5359765051395007 0.0126953125 0.020558002936857563
