0 0.56396484375 0.7514367816091954 0.0576171875 0.04454022988505747
0 0.4423828125 0.7144396551724138 0.056640625 0.04956896551724138
0 0.25927734375 0.6936063218390804 0.0419921875 0.040948275862068964
0 0.39404296875 0.7209051724137931 0.0478515625 0.05100574712643678
0 0.21875 0.8326149425287356 0.05078125 0.03879310344827586
0 0.07080078125 0.6799568965517241 0.0419921875 0.03807471264367816
0 0.08642578125 0.6095545977011494 0.0361328125 0.028017241379310345
0 0.26806640625 0.5894396551724138 0.0380859375 0.035201149425287355
0 0.46044921875 0.6382902298850575 0.0380859375 0.033764367816091954
0 0.01220703125 0.6799568965517241 0.0244140625 0.04669540229885057
0 0.01513671875 0.6415229885057471 0.0302734375 0.031609195402298854
0 0.1201171875 0.6770833333333334 0.0390625 0.036637931034482756
0 0.1044921875 0.5686063218390804 0.0234375 0.029454022988505746
