0 0.70556640625 0.7359050445103857 0.0908203125 0.18100890207715134
0 0.4306640625 0.19510385756676557 0.08984375 0.14391691394658754
0 0.2412109375 0.08382789317507418 0.0625 0.10534124629080119
0 0.076171875 0.09718100890207715 0.08203125 0.129080118694362
0 0.6181640625 0.7010385756676558 0.078125 0.1172106824925816
0 0.55615234375 0.5741839762611276 0.0537109375 0.10682492581602374
0 0.3837890625 0.5037091988130564 0.029296875 0.05489614243323442
0 0.61376953125 0.615727002967359 0.0322265625 0.08011869436201781
0 0.84814453125 0.7099406528189911 0.0791015625 0.15578635014836795
0 0.98828125 0.6565281899109793 0.0234375 0.14391691394658754
