0 0.92431640625 0.13343108504398826 0.0654296875 0.11730205278592376
0 0.77685546875 0.24853372434017595 0.0498046875 0.09237536656891496
0 0.63525390625 0.09824046920821114 0.0498046875 0.08797653958944282
0 0.56005859375 0.19574780058651026 0.0439453125 0.09237536656891496
0 0.099609375 0.25 0.068359375 0.14222873900293256
0 0.3193359375 0.2602639296187683 0.056640625 0.10997067448680352
0 0.4990234375 0.5351906158357771 0.0546875 0.0967741935483871
0 0.4638671875 0.1627565982404692 0.037109375 0.07038123167155426
0 0.78515625 0.06085043988269795 0.056640625 0.08651026392961877
0 0.28515625 0.13196480938416422 0.046875 0.08211143695014662
0 0.60498046875 0.13563049853372433 0.0380859375 0.0689149560117302
0 0.19677734375 0.16055718475073313 0.0361328125 0.07771260997067449
0 0.11962890625 0.15689149560117302 0.0439453125 0.06451612903225806
0 0.23779296875 0.3027859237536657 0.0361328125 0.060117302052785926
0 0.7099609375 0.1158357771260997 0.04296875 0.06744868035190615
0 0.587890625 0.5417888563049853 0.044921875 0.09530791788856305
0 0.73046875 0.5205278592375366 0.056640625 0.09090909090909091
