0 0.818359375 0.5395314787701317 0.072265625 0.1390922401171303
0 0.61962890625 0.5226939970717424 0.0517578125 0.07613469985358712
0 0.50048828125 0.4333821376281113 0.0400390625 0.07320644216691069
0 0.53857421875 0.4019033674963397 0.0263671875 0.04538799414348463
0 0.42919921875 0.4267935578330893 0.0302734375 0.05124450951683748
0 0.39697265625 0.5007320644216691 0.0576171875 0.09663250366032211
0 0.19140625 0.5761346998535871 0.072265625 0.08345534407027819
0 0.10009765625 0.4465592972181552 0.0361328125 0.05856515373352855
0 0.27294921875 0.4333821376281113 0.0146484375 0.029282576866764276
0 0.2470703125 0.4062957540263543 0.025390625 0.03074670571010249
0 0.30078125 0.3389458272327965 0.01171875 0.027818448023426062
0 0.3388671875 0.36749633967789164 0.01171875 0.020497803806734993
0 0.3232421875 0.36822840409956076 0.009765625 0.01903367496339678
0 0.14599609375 0.287701317715959 0.0205078125 0.027818448023426062
0 0.140625 0.36603221083455345 0.01171875 0.02635431918008785
0 0.09228515625 0.3989751098096633 0.0224609375 0.048316251830161056
0 0.3759765625 0.39751098096632503 0.029296875 0.048316251830161056
0 0.45068359375 0.38433382137628114 0.0263671875 0.048316251830161056
0 0.568359375 0.3733528550512445 0.021484375 0.03513909224011713
0 0.53369140625 0.3440702781844802 0.0146484375 0.029282576866764276
0 0.43310546875 0.3404099560761347 0.0087890625 0.021961932650073207
0 0.38232421875 0.2635431918008785 0.0107421875 0.02635431918008785
0 0.62744140625 0.3579795021961933 0.0146484375 0.024890190336749635
0 0.646484375 0.3294289897510981 0.01171875 0.02635431918008785
0 0.67138671875 0.31332357247437775 0.0087890625 0.020497803806734993
0 0.59912109375 0.3762811127379209 0.0146484375 0.029282576866764276
0 0.7568359375 0.46486090775988287 0.025390625 0.04538799414348463
0 0.7021484375 0.43484626647144947 0.01953125 0.04978038067349927
0 0.70703125 0.3945827232796486 0.025390625 0.05417276720351391
0 0.72509765625 0.3857979502196193 0.0166015625 0.036603221083455345
0 0.73046875 0.3484626647144949 0.013671875 0.02635431918008785
0 0.759765625 0.34480234260614934 0.013671875 0.021961932650073207
0 0.80078125 0.34992679355783307 0.017578125 0.02635431918008785
0 0.79736328125 0.3184480234260615 0.0107421875 0.021961932650073207
0 0.78466796875 0.3089311859443631 0.0068359375 0.014641288433382138
0 0.7392578125 0.3184480234260615 0.01171875 0.021961932650073207
0 0.69775390625 0.32210834553440704 0.0107421875 0.020497803806734993
0 0.861328125 0.3718887262079063 0.013671875 0.029282576866764276
0 0.81640625 0.42752562225475843 0.041015625 0.07906295754026355
0 0.93310546875 0.3535871156661786 0.0185546875 0.03953147877013177
0 0.86669921875 0.3162518301610542 0.0126953125 0.02635431918008785
0 0.8798828125 0.31112737920937045 0.005859375 0.013177159590043924
0 0.8974609375 0.2525622254758419 0.009765625 0.016105417276720352
0 0.49560546875 0.37481698389458273 0.0205078125 0.03806734992679356
0 0.83740234375 0.34260614934114203 0.0126953125 0.032210834553440704
0 0.9228515625 0.3279648609077599 0.01171875 0.029282576866764276
