0 0.86083984375 0.4288194444444444 0.0595703125 0.13541666666666666
0 0.873046875 0.8159722222222222 0.083984375 0.22569444444444445
0 0.6884765625 0.5546875 0.095703125 0.21006944444444445
0 0.716796875 0.2986111111111111 0.0234375 0.04861111111111111
0 0.5732421875 0.4270833333333333 0.083984375 0.1736111111111111
0 0.25927734375 0.234375 0.0322265625 0.06597222222222222
0 0.3603515625 0.2092013888888889 0.025390625 0.057291666666666664
0 0.46044921875 0.5963541666666666 0.0576171875 0.1232638888888889
0 0.4716796875 0.3671875 0.03125 0.08506944444444445
0 0.4580078125 0.4184027777777778 0.025390625 0.06597222222222222
0 0.41552734375 0.4375 0.0322265625 0.06944444444444445
0 0.21142578125 0.3298611111111111 0.0576171875 0.2465277777777778
0 0.365234375 0.4930555555555556 0.06640625 0.11805555555555555
