0 0.16357421875 0.31112737920937045 0.0615234375 0.10102489019033675
0 0.2548828125 0.21742313323572474 0.044921875 0.08638360175695461
0 0.29248046875 0.19399707174231332 0.0322265625 0.06588579795021962
0 0.34375 0.191800878477306 0.03125 0.06149341142020498
0 0.4619140625 0.19912152269399708 0.02734375 0.0527086383601757
0 0.53515625 0.16471449487554904 0.02734375 0.048316251830161056
0 0.60888671875 0.18740849194729137 0.0244140625 0.04685212298682284
0 0.66552734375 0.1720351390922401 0.0224609375 0.0424597364568082
0 0.783203125 0.15885797950219618 0.021484375 0.0424597364568082
0 0.7998046875 0.19619326500732065 0.017578125 0.03806734992679356
0 0.9150390625 0.14568081991215226 0.021484375 0.03953147877013177
0 0.55126953125 0.21888726207906295 0.0146484375 0.03367496339677892
0 0.4453125 0.26500732064421667 0.033203125 0.03513909224011713
