0 0.15869140625 0.158203125 0.0537109375 0.10286458333333333
0 0.126953125 0.19010416666666666 0.048828125 0.08072916666666667
0 0.376953125 0.4029947916666667 0.0546875 0.14713541666666666
0 0.51318359375 0.3548177083333333 0.0732421875 0.15494791666666666
0 0.74853515625 0.70703125 0.1083984375 0.1796875
0 0.82568359375 0.7200520833333334 0.0830078125 0.16145833333333334
0 0.69873046875 0.361328125 0.0185546875 0.03515625
0 0.7060546875 0.4772135416666667 0.01953125 0.029947916666666668
0 0.66748046875 0.4778645833333333 0.0205078125 0.033854166666666664
0 0.90966796875 0.08854166666666667 0.0322265625 0.0625
