0 0.22021484375 0.5091027308192457 0.0224609375 0.0377113133940182
0 0.37255859375 0.599479843953186 0.0107421875 0.018205461638491547
0 0.35400390625 0.5962288686605982 0.0087890625 0.016905071521456438
0 0.60546875 0.6235370611183355 0.025390625 0.045513654096228866
0 0.56787109375 0.5858257477243173 0.0087890625 0.01950585175552666
0 0.5888671875 0.5942782834850455 0.009765625 0.018205461638491547
0 0.60009765625 0.5780234070221066 0.0087890625 0.016905071521456438
0 0.66455078125 0.5799739921976593 0.0107421875 0.018205461638491547
0 0.6884765625 0.576072821846554 0.009765625 0.02080624187256177
0 0.6982421875 0.5936280884265279 0.009765625 0.01950585175552666
0 0.71435546875 0.5812743823146944 0.0107421875 0.018205461638491547
0 0.80126953125 0.58777633289987 0.0107421875 0.018205461638491547
0 0.806640625 0.6059817945383615 0.009765625 0.018205461638491547
0 0.8544921875 0.5923276983094928 0.009765625 0.01950585175552666
0 0.91748046875 0.5968790637191157 0.0107421875 0.02080624187256177
0 0.9384765625 0.5786736020806242 0.01171875 0.02080624187256177
0 0.90234375 0.5910273081924577 0.009765625 0.01950585175552666
0 0.14697265625 0.5357607282184655 0.0205078125 0.031209362808842653
0 0.146484375 0.6371911573472041 0.025390625 0.04681404421326398
0 0.40087890625 0.5552665799739922 0.0244140625 0.03901170351105332
0 0.65966796875 0.6163849154746424 0.0205078125 0.054616384915474644
0 0.7568359375 0.5767230169050716 0.01953125 0.035110533159947985
0 0.87841796875 0.5825747724317295 0.0185546875 0.02600780234070221
0 0.9560546875 0.5838751625487646 0.015625 0.02860858257477243
0 0.6279296875 0.552665799739922 0.021484375 0.02600780234070221
