0 0.044921875 0.29845626072041165 0.0234375 0.048027444253859346
0 0.130859375 0.3156089193825043 0.01953125 0.044596912521440824
0 0.220703125 0.28130360205831906 0.0234375 0.051457975986277875
0 0.29833984375 0.3353344768439108 0.0205078125 0.04631217838765009
0 0.35205078125 0.12521440823327615 0.0419921875 0.10291595197255575
0 0.66943359375 0.32675814751286447 0.0205078125 0.04631217838765009
0 0.7421875 0.2993138936535163 0.021484375 0.04631217838765009
0 0.8330078125 0.15265866209262435 0.037109375 0.09605488850771869
0 0.98193359375 0.3113207547169811 0.0224609375 0.05317324185248713
0 0.564453125 0.3096054888507719 0.021484375 0.04631217838765009
0 0.48193359375 0.3113207547169811 0.0185546875 0.04631217838765009
0 0.66162109375 0.22298456260720412 0.0146484375 0.03430531732418525
0 0.40234375 0.3190394511149228 0.013671875 0.0411663807890223
