0 0.26171875 0.27712609970674484 0.05078125 0.05278592375366569
0 0.07080078125 0.24780058651026393 0.0224609375 0.04398826979472141
0 0.11669921875 0.2991202346041056 0.0166015625 0.03225806451612903
0 0.3349609375 0.23387096774193547 0.01953125 0.045454545454545456
0 0.2958984375 0.2404692082111437 0.01953125 0.04105571847507331
0 0.55908203125 0.28885630498533726 0.0537109375 0.10557184750733138
0 0.6728515625 0.15029325513196481 0.029296875 0.06598240469208211
0 0.7314453125 0.2155425219941349 0.033203125 0.08797653958944282
0 0.916015625 0.2368035190615836 0.0234375 0.04838709677419355
0 0.8603515625 0.26832844574780057 0.009765625 0.02346041055718475
0 0.888671875 0.2727272727272727 0.01171875 0.026392961876832845
0 0.3984375 0.3519061583577713 0.009765625 0.020527859237536656
0 0.04345703125 0.26099706744868034 0.0166015625 0.04398826979472141
