0 0.515625 0.338628762541806 0.056640625 0.07525083612040134
0 0.0849609375 0.2148829431438127 0.033203125 0.07190635451505016
0 0.2548828125 0.18812709030100336 0.025390625 0.04180602006688963
0 0.2060546875 0.17809364548494983 0.013671875 0.03177257525083612
0 0.37939453125 0.2516722408026756 0.0380859375 0.07525083612040134
0 0.39892578125 0.20819397993311037 0.0185546875 0.04180602006688963
0 0.62255859375 0.18227424749163879 0.0185546875 0.043478260869565216
0 0.71923828125 0.20234113712374582 0.0244140625 0.06020066889632107
0 0.7958984375 0.24331103678929766 0.037109375 0.07525083612040134
0 0.91357421875 0.22073578595317725 0.0263671875 0.06020066889632107
0 0.13330078125 0.17725752508361203 0.0166015625 0.04013377926421405
0 0.466796875 0.17391304347826086 0.009765625 0.023411371237458192
0 0.671875 0.1797658862876254 0.013671875 0.03177257525083612
0 0.95068359375 0.18394648829431437 0.0146484375 0.03678929765886288
0 0.87548828125 0.17224080267558528 0.0126953125 0.023411371237458192
