0 0.6689453125 0.2647569444444444 0.041015625 0.10590277777777778
0 0.05322265625 0.9201388888888888 0.0302734375 0.06597222222222222
0 0.294921875 0.9331597222222222 0.02734375 0.06076388888888889
0 0.3369140625 0.9201388888888888 0.025390625 0.06597222222222222
0 0.6611328125 0.9296875 0.0390625 0.08506944444444445
0 0.72021484375 0.9678819444444444 0.0302734375 0.057291666666666664
0 0.6328125 0.9496527777777778 0.033203125 0.06597222222222222
0 0.93408203125 0.9288194444444444 0.0341796875 0.0763888888888889
0 0.68994140625 0.7951388888888888 0.0224609375 0.052083333333333336
0 0.234375 0.8159722222222222 0.021484375 0.04861111111111111
0 0.17919921875 0.9045138888888888 0.0224609375 0.04861111111111111
0 0.58642578125 0.8532986111111112 0.0205078125 0.046875
0 0.05224609375 0.6987847222222222 0.0185546875 0.05381944444444445
0 0.43017578125 0.7569444444444444 0.0224609375 0.0625
0 0.49365234375 0.6623263888888888 0.0556640625 0.07118055555555555
0 0.9873046875 0.9678819444444444 0.025390625 0.0642361111111111
