0 0.30908203125 0.2677165354330709 0.0400390625 0.06299212598425197
0 0.18359375 0.22913385826771654 0.04296875 0.08661417322834646
0 0.7783203125 0.2031496062992126 0.04296875 0.03779527559055118
0 0.7431640625 0.415748031496063 0.04296875 0.05354330708661417
0 0.6162109375 0.452755905511811 0.017578125 0.03622047244094488
0 0.689453125 0.4984251968503937 0.01953125 0.03937007874015748
0 0.86279296875 0.5007874015748032 0.0205078125 0.047244094488188976
0 0.90625 0.49763779527559054 0.0234375 0.047244094488188976
0 0.955078125 0.5204724409448819 0.021484375 0.04566929133858268
0 0.66064453125 0.4519685039370079 0.0166015625 0.03779527559055118
0 0.97119140625 0.40078740157480314 0.0166015625 0.03622047244094488
0 0.98779296875 0.4795275590551181 0.0166015625 0.03622047244094488
0 0.88818359375 0.4385826771653543 0.0185546875 0.03622047244094488
0 0.89013671875 0.32598425196850395 0.0146484375 0.031496062992125984
