0 0.13037109375 0.2059948979591837 0.0595703125 0.11862244897959184
0 0.1826171875 0.24681122448979592 0.048828125 0.09821428571428571
0 0.33935546875 0.22130102040816327 0.0576171875 0.08545918367346939
0 0.51025390625 0.20918367346938777 0.0712890625 0.11989795918367346
0 0.859375 0.21364795918367346 0.052734375 0.09056122448979592
0 0.6474609375 0.17283163265306123 0.046875 0.07270408163265306
0 0.11865234375 0.054209183673469385 0.0283203125 0.04974489795918367
0 0.01904296875 0.1677295918367347 0.0361328125 0.06505102040816327
0 0.1953125 0.035076530612244895 0.02734375 0.047193877551020405
0 0.26171875 0.1288265306122449 0.029296875 0.058673469387755105
0 0.40625 0.04528061224489796 0.03125 0.05739795918367347
0 0.44580078125 0.18303571428571427 0.0302734375 0.0548469387755102
0 0.724609375 0.36033163265306123 0.0546875 0.07015306122448979
0 0.72509765625 0.22959183673469388 0.0224609375 0.04846938775510204
0 0.765625 0.23915816326530612 0.025390625 0.044642857142857144
0 0.54736328125 0.14540816326530612 0.0224609375 0.04336734693877551
0 0.6474609375 0.10076530612244898 0.02734375 0.04081632653061224
0 0.82763671875 0.10714285714285714 0.0166015625 0.030612244897959183
0 0.9267578125 0.13329081632653061 0.03125 0.044642857142857144
0 0.95751953125 0.3163265306122449 0.0380859375 0.061224489795918366
0 0.9765625 0.22512755102040816 0.021484375 0.039540816326530615
0 0.6103515625 0.3182397959183674 0.033203125 0.07270408163265306
0 0.93212890625 0.1989795918367347 0.0224609375 0.02806122448979592
0 0.80419921875 0.19068877551020408 0.0224609375 0.039540816326530615
0 0.38330078125 0.17920918367346939 0.0302734375 0.05739795918367347
0 0.6884765625 0.16645408163265307 0.025390625 0.04974489795918367
0 0.88427734375 0.04081632653061224 0.0185546875 0.03316326530612245
0 0.87744140625 0.10841836734693877 0.0185546875 0.03316326530612245
