0 0.09716796875 0.2703125 0.0283203125 0.05625
0 0.1826171875 0.2921875 0.037109375 0.053125
0 0.330078125 0.3 0.025390625 0.053125
0 0.36376953125 0.346875 0.0244140625 0.046875
0 0.39990234375 0.3453125 0.0224609375 0.05
0 0.51611328125 0.3015625 0.0224609375 0.05
0 0.57373046875 0.284375 0.0244140625 0.05
0 0.50830078125 0.44140625 0.0263671875 0.0515625
0 0.62109375 0.36875 0.02734375 0.046875
0 0.66455078125 0.3015625 0.0302734375 0.040625
0 0.77490234375 0.28515625 0.0263671875 0.0515625
0 0.8251953125 0.32890625 0.03125 0.0609375
0 0.90234375 0.30703125 0.02734375 0.0578125
