0 0.15869140625 0.10611979166666667 0.0556640625 0.08984375
0 0.47802734375 0.12565104166666666 0.0654296875 0.12630208333333334
0 0.693359375 0.14322916666666666 0.060546875 0.125
0 0.80078125 0.15364583333333334 0.080078125 0.13020833333333334
0 0.76611328125 0.4329427083333333 0.0478515625 0.07942708333333333
0 0.82763671875 0.462890625 0.0439453125 0.08463541666666667
0 0.45654296875 0.7994791666666666 0.0810546875 0.10416666666666667
0 0.5107421875 0.798828125 0.05859375 0.09765625
0 0.1298828125 0.8177083333333334 0.099609375 0.16145833333333334
0 0.2568359375 0.12825520833333334 0.03515625 0.08203125
0 0.56982421875 0.4055989583333333 0.0087890625 0.022135416666666668
0 0.53076171875 0.4791666666666667 0.0146484375 0.015625
