0 0.076171875 0.3262463343108504 0.029296875 0.05718475073313783
0 0.62744140625 0.13709677419354838 0.0166015625 0.024926686217008796
0 0.8857421875 0.3189149560117302 0.021484375 0.04838709677419355
0 0.9140625 0.28005865102639294 0.015625 0.04105571847507331
0 0.93798828125 0.2536656891495601 0.0185546875 0.04105571847507331
0 0.98583984375 0.24413489736070382 0.0166015625 0.036656891495601175
0 0.96240234375 0.2829912023460411 0.0283203125 0.05571847507331378
0 0.9267578125 0.22727272727272727 0.0234375 0.03812316715542522
0 0.98681640625 0.1744868035190616 0.0185546875 0.03519061583577713
0 0.9599609375 0.13636363636363635 0.015625 0.03225806451612903
0 0.90380859375 0.1532258064516129 0.0146484375 0.030791788856304986
0 0.88525390625 0.10337243401759531 0.0146484375 0.02785923753665689
0 0.11669921875 0.2624633431085044 0.0322265625 0.07038123167155426
0 0.3984375 0.2873900293255132 0.03515625 0.06744868035190615
0 0.47900390625 0.2536656891495601 0.0341796875 0.07624633431085044
0 0.845703125 0.28519061583577715 0.03515625 0.07771260997067449
0 0.802734375 0.35703812316715544 0.03515625 0.07771260997067449
0 0.4404296875 0.2844574780058651 0.017578125 0.04105571847507331
0 0.5283203125 0.2785923753665689 0.017578125 0.03812316715542522
0 0.5546875 0.28225806451612906 0.017578125 0.039589442815249266
0 0.57080078125 0.3357771260997067 0.0205078125 0.04105571847507331
0 0.57958984375 0.25439882697947214 0.0166015625 0.036656891495601175
0 0.599609375 0.2859237536656892 0.017578125 0.03812316715542522
0 0.63427734375 0.30498533724340177 0.0224609375 0.04985337243401759
0 0.6298828125 0.2690615835777126 0.01953125 0.036656891495601175
0 0.64599609375 0.16129032258064516 0.0146484375 0.02932551319648094
0 0.65869140625 0.3387096774193548 0.0224609375 0.04398826979472141
0 0.69970703125 0.3196480938416422 0.0166015625 0.0469208211143695
0 0.68505859375 0.28152492668621704 0.0205078125 0.04105571847507331
0 0.68603515625 0.24266862170087977 0.0146484375 0.036656891495601175
0 0.7001953125 0.2434017595307918 0.017578125 0.04105571847507331
0 0.7646484375 0.23093841642228738 0.01953125 0.039589442815249266
0 0.70654296875 0.17375366568914957 0.0146484375 0.030791788856304986
0 0.74951171875 0.35117302052785926 0.0224609375 0.051319648093841645
0 0.75244140625 0.16495601173020527 0.0166015625 0.03372434017595308
0 0.75732421875 0.13636363636363635 0.0166015625 0.03519061583577713
0 0.8056640625 0.13269794721407624 0.01953125 0.039589442815249266
0 0.841796875 0.13343108504398826 0.015625 0.03225806451612903
0 0.85595703125 0.1693548387096774 0.0146484375 0.02785923753665689
0 0.88330078125 0.25439882697947214 0.0185546875 0.039589442815249266
0 0.5810546875 0.16715542521994134 0.017578125 0.03519061583577713
