0 0.21484375 0.5607613469985359 0.021484375 0.040995607613469986
0 0.16943359375 0.5527086383601757 0.0166015625 0.03953147877013177
0 0.1484375 0.554904831625183 0.015625 0.04685212298682284
0 0.49951171875 0.5761346998535871 0.0087890625 0.036603221083455345
0 0.40185546875 0.6537335285505125 0.0205078125 0.0424597364568082
0 0.650390625 0.8477306002928258 0.015625 0.07027818448023426
0 0.0068359375 0.4062957540263543 0.009765625 0.021961932650073207
0 0.00341796875 0.3806734992679356 0.0068359375 0.02342606149341142
0 0.0341796875 0.3726207906295754 0.0078125 0.01903367496339678
0 0.04931640625 0.3762811127379209 0.0087890625 0.020497803806734993
0 0.0693359375 0.41142020497803805 0.01171875 0.02342606149341142
0 0.03271484375 0.45095168374816985 0.0126953125 0.02342606149341142
0 0.0673828125 0.5095168374816984 0.01171875 0.02342606149341142
0 0.1005859375 0.5183016105417276 0.009765625 0.020497803806734993
0 0.08837890625 0.4011713030746706 0.0107421875 0.020497803806734993
0 0.07275390625 0.36749633967789164 0.0068359375 0.014641288433382138
0 0.126953125 0.3938506588579795 0.009765625 0.02342606149341142
0 0.154296875 0.38872620790629575 0.009765625 0.01903367496339678
0 0.16796875 0.3828696925329429 0.0078125 0.01903367496339678
0 0.3828125 0.54099560761347 0.013671875 0.03367496339677892
0 0.66796875 0.5212298682284041 0.01171875 0.02635431918008785
0 0.61767578125 0.5322108345534406 0.0146484375 0.024890190336749635
0 0.5390625 0.47218155197657397 0.009765625 0.021961932650073207
0 0.595703125 0.4685212298682284 0.009765625 0.02342606149341142
0 0.576171875 0.4546120058565154 0.013671875 0.03074670571010249
0 0.177734375 0.4912152269399707 0.0078125 0.021961932650073207
0 0.18798828125 0.5102489019033675 0.0087890625 0.021961932650073207
0 0.1708984375 0.5212298682284041 0.009765625 0.02342606149341142
0 0.20947265625 0.5197657393850659 0.0107421875 0.020497803806734993
0 0.2255859375 0.5014641288433382 0.013671875 0.027818448023426062
0 0.2421875 0.5021961932650073 0.0078125 0.017569546120058566
0 0.189453125 0.40483162518301613 0.009765625 0.021961932650073207
0 0.2060546875 0.390190336749634 0.009765625 0.01903367496339678
0 0.2255859375 0.39751098096632503 0.0078125 0.016105417276720352
0 0.2490234375 0.3814055636896047 0.0078125 0.01903367496339678
0 0.251953125 0.41215226939970717 0.009765625 0.021961932650073207
0 0.2607421875 0.3967789165446559 0.009765625 0.017569546120058566
0 0.29296875 0.3923865300146413 0.009765625 0.02342606149341142
0 0.32470703125 0.41800878477306 0.0087890625 0.01903367496339678
0 0.33544921875 0.3931185944363104 0.0087890625 0.01903367496339678
0 0.34765625 0.40043923865300146 0.0078125 0.01903367496339678
0 0.56982421875 0.40263543191800877 0.0107421875 0.020497803806734993
0 0.7021484375 0.4055636896046852 0.0078125 0.020497803806734993
0 0.7236328125 0.40922401171303074 0.0078125 0.016105417276720352
0 0.734375 0.41947291361639827 0.0078125 0.016105417276720352
0 0.7431640625 0.3989751098096633 0.0078125 0.01903367496339678
0 0.7490234375 0.41215226939970717 0.009765625 0.016105417276720352
0 0.73193359375 0.4685212298682284 0.0087890625 0.017569546120058566
0 0.7529296875 0.4780380673499268 0.01171875 0.021961932650073207
0 0.7802734375 0.4699853587115666 0.009765625 0.017569546120058566
0 0.79541015625 0.4773060029282577 0.0126953125 0.020497803806734993
0 0.78955078125 0.41947291361639827 0.0107421875 0.021961932650073207
0 0.8193359375 0.5497803806734992 0.015625 0.03367496339677892
0 0.82763671875 0.4699853587115666 0.0107421875 0.02342606149341142
0 0.84326171875 0.4150805270863836 0.0107421875 0.021961932650073207
0 0.8779296875 0.4150805270863836 0.009765625 0.021961932650073207
0 0.8671875 0.4751098096632504 0.009765625 0.021961932650073207
0 0.9033203125 0.46486090775988287 0.01171875 0.021961932650073207
0 0.91845703125 0.5453879941434846 0.0107421875 0.01903367496339678
0 0.92822265625 0.5666178623718887 0.0087890625 0.017569546120058566
0 0.9287109375 0.4707174231332357 0.009765625 0.016105417276720352
0 0.9248046875 0.45021961932650073 0.009765625 0.01903367496339678
0 0.94384765625 0.46486090775988287 0.0107421875 0.01903367496339678
0 0.943359375 0.4912152269399707 0.009765625 0.01903367496339678
0 0.92236328125 0.4128843338213763 0.0087890625 0.017569546120058566
0 0.966796875 0.39604685212298685 0.009765625 0.01903367496339678
0 0.97119140625 0.47291361639824303 0.0087890625 0.020497803806734993
0 0.9677734375 0.5285505124450952 0.01171875 0.02635431918008785
