0 0.08837890625 0.36693548387096775 0.0341796875 0.06451612903225806
0 0.15283203125 0.5040322580645161 0.0419921875 0.07795698924731183
0 0.220703125 0.4166666666666667 0.029296875 0.06182795698924731
0 0.24072265625 0.30981182795698925 0.0361328125 0.06317204301075269
0 0.345703125 0.37768817204301075 0.029296875 0.051075268817204304
0 0.30517578125 0.5174731182795699 0.0380859375 0.06720430107526881
0 0.48291015625 0.4092741935483871 0.0322265625 0.06048387096774194
0 0.56396484375 0.3588709677419355 0.0322265625 0.06720430107526881
0 0.5537109375 0.4852150537634409 0.033203125 0.05913978494623656
0 0.63623046875 0.4018817204301075 0.0283203125 0.06182795698924731
0 0.70263671875 0.3541666666666667 0.0322265625 0.06317204301075269
0 0.8193359375 0.334005376344086 0.03125 0.06048387096774194
0 0.89208984375 0.3709677419354839 0.0380859375 0.06182795698924731
0 0.7802734375 0.48723118279569894 0.03125 0.06586021505376344
