0 0.08935546875 0.4352409638554217 0.0166015625 0.04216867469879518
0 0.23828125 0.40813253012048195 0.015625 0.030120481927710843
0 0.26171875 0.4397590361445783 0.013671875 0.03313253012048193
0 0.33056640625 0.411144578313253 0.0224609375 0.03614457831325301
0 0.412109375 0.3855421686746988 0.021484375 0.04216867469879518
0 0.564453125 0.42620481927710846 0.01953125 0.04819277108433735
0 0.6552734375 0.3689759036144578 0.029296875 0.07228915662650602
0 0.8349609375 0.38403614457831325 0.02734375 0.060240963855421686
0 0.802734375 0.38478915662650603 0.01953125 0.03463855421686747
0 0.892578125 0.3795180722891566 0.01953125 0.0391566265060241
0 0.5029296875 0.40286144578313254 0.013671875 0.025602409638554216
0 0.52783203125 0.3990963855421687 0.0107421875 0.024096385542168676
0 0.6015625 0.3990963855421687 0.015625 0.03313253012048193
