0 0.19921875 0.14192708333333334 0.044921875 0.08854166666666667
0 0.2421875 0.13736979166666666 0.052734375 0.08203125
0 0.68603515625 0.4563802083333333 0.0517578125 0.11328125
0 0.72412109375 0.4615885416666667 0.0361328125 0.08723958333333333
0 0.4462890625 0.8365885416666666 0.037109375 0.055989583333333336
0 0.421875 0.8548177083333334 0.029296875 0.06380208333333333
0 0.9404296875 0.09635416666666667 0.015625 0.03125
0 0.89697265625 0.22395833333333334 0.0166015625 0.0234375
0 0.76708984375 0.7727864583333334 0.0205078125 0.032552083333333336
0 0.78173828125 0.775390625 0.0205078125 0.029947916666666668
