0 0.783203125 0.2900390625 0.068359375 0.080078125
0 0.26123046875 0.28369140625 0.0888671875 0.0927734375
0 0.1044921875 0.28955078125 0.013671875 0.0146484375
0 0.013671875 0.2998046875 0.015625 0.017578125
0 0.83056640625 0.73291015625 0.0869140625 0.1083984375
0 0.294921875 0.80224609375 0.064453125 0.0771484375
0 0.685546875 0.720703125 0.017578125 0.01953125
0 0.64892578125 0.732421875 0.0087890625 0.01171875
0 0.92822265625 0.7099609375 0.0283203125 0.029296875
0 0.58349609375 0.2890625 0.0166015625 0.0234375
0 0.16796875 0.81591796875 0.013671875 0.0146484375
0 0.8896484375 0.26611328125 0.01171875 0.0185546875
0 0.615234375 0.73046875 0.01171875 0.013671875
