0 0.84326171875 0.322463768115942 0.0869140625 0.2826086956521739
0 0.51416015625 0.13043478260869565 0.0283203125 0.08695652173913043
0 0.5439453125 0.10748792270531402 0.017578125 0.050724637681159424
0 0.455078125 0.14492753623188406 0.01953125 0.057971014492753624
0 0.25830078125 0.059178743961352656 0.0302734375 0.0893719806763285
0 0.3173828125 0.09178743961352658 0.0234375 0.08695652173913043
0 0.30517578125 0.10386473429951691 0.0224609375 0.0966183574879227
0 0.4052734375 0.2028985507246377 0.02734375 0.08695652173913043
0 0.18212890625 0.1280193236714976 0.0146484375 0.043478260869565216
0 0.0927734375 0.1280193236714976 0.033203125 0.09178743961352658
