0 0.80078125 0.158 0.037109375 0.029142857142857144
0 0.63330078125 0.14485714285714285 0.0302734375 0.021142857142857144
0 0.94775390625 0.12257142857142857 0.0341796875 0.02
0 0.96630859375 0.27685714285714286 0.0458984375 0.03371428571428572
0 0.916015625 0.26171428571428573 0.046875 0.030857142857142857
0 0.83837890625 0.25 0.0498046875 0.037142857142857144
0 0.72607421875 0.24657142857142858 0.0556640625 0.03485714285714286
0 0.63037109375 0.212 0.0380859375 0.030857142857142857
0 0.21875 0.15914285714285714 0.03515625 0.025714285714285714
0 0.18896484375 0.16342857142857142 0.0302734375 0.024
0 0.9892578125 0.23857142857142857 0.021484375 0.029142857142857144
0 0.01025390625 0.14914285714285713 0.0205078125 0.02057142857142857
0 0.00634765625 0.20285714285714285 0.0126953125 0.02857142857142857
0 0.36376953125 0.094 0.0322265625 0.02457142857142857
0 0.251953125 0.23285714285714285 0.06640625 0.04171428571428572
0 0.10986328125 0.218 0.0302734375 0.025714285714285714
