0 0.2001953125 0.1655367231638418 0.0546875 0.07570621468926554
0 0.43505859375 0.18135593220338983 0.0517578125 0.0847457627118644
0 0.490234375 0.2497175141242938 0.046875 0.0655367231638418
0 0.611328125 0.24632768361581922 0.05078125 0.0768361581920904
0 0.7646484375 0.18135593220338983 0.060546875 0.08700564971751412
0 0.93359375 0.2824858757062147 0.02734375 0.0384180790960452
0 0.705078125 0.268361581920904 0.03125 0.05084745762711865
0 0.7265625 0.2542372881355932 0.025390625 0.04745762711864407
0 0.755859375 0.2706214689265537 0.0234375 0.03954802259887006
0 0.96826171875 0.23163841807909605 0.0224609375 0.02937853107344633
0 0.63720703125 0.21412429378531073 0.0556640625 0.06892655367231638
