0 0.72314453125 0.13004362050163576 0.1494140625 0.10632497273718648
0 0.90380859375 0.07906215921483097 0.0498046875 0.03707742639040349
0 0.84521484375 0.04661941112322792 0.0498046875 0.0376226826608506
0 0.748046875 0.024536532170119956 0.041015625 0.026172300981461286
0 0.6103515625 0.007088331515812432 0.037109375 0.014176663031624863
0 0.6005859375 0.07688113413304253 0.046875 0.03707742639040349
0 0.47314453125 0.09214830970556162 0.0751953125 0.04689203925845147
0 0.24853515625 0.04034896401308615 0.0888671875 0.07088331515812432
0 0.5087890625 0.029443838604143947 0.033203125 0.026172300981461286
0 0.40673828125 0.025081788440567066 0.0361328125 0.027262813522355506
0 0.37255859375 0.02753544165757906 0.0322265625 0.026717557251908396
0 0.28369140625 0.014176663031624863 0.0361328125 0.028353326063249727
0 0.29541015625 0.0812431842966194 0.0478515625 0.04580152671755725
0 0.12744140625 0.05316248636859324 0.0771484375 0.05834242093784078
0 0.02294921875 0.03489640130861505 0.0458984375 0.05343511450381679
