0 0.8125 0.16536458333333334 0.052734375 0.0390625
0 0.9736328125 0.11979166666666667 0.04296875 0.029947916666666668
0 0.88232421875 0.0517578125 0.0361328125 0.031901041666666664
0 0.46337890625 0.10904947916666667 0.1142578125 0.08528645833333333
0 0.2080078125 0.10123697916666667 0.126953125 0.07486979166666667
0 0.6689453125 0.166015625 0.046875 0.0390625
0 0.556640625 0.1552734375 0.037109375 0.030598958333333332
0 0.70654296875 0.095703125 0.0283203125 0.026041666666666668
0 0.79248046875 0.12955729166666666 0.0400390625 0.03515625
0 0.75390625 0.15983072916666666 0.046875 0.039713541666666664
0 0.65869140625 0.1240234375 0.0498046875 0.034505208333333336
0 0.9755859375 0.20377604166666666 0.046875 0.036458333333333336
