0 0.42431640625 0.17854435178165276 0.0908203125 0.08718726307808947
0 0.5537109375 0.13684609552691432 0.0859375 0.08718726307808947
0 0.716796875 0.19370735405610312 0.033203125 0.0356330553449583
0 0.64990234375 0.19939347990902198 0.0283203125 0.034874905231235785
0 0.83251953125 0.06785443517816528 0.0302734375 0.03411675511751327
0 0.8984375 0.06899166034874905 0.03515625 0.03335860500379075
0 0.8974609375 0.021607278241091737 0.037109375 0.0310841546626232
0 0.98583984375 0.11448066717210008 0.0283203125 0.03639120545868082
0 0.384765625 0.07619408642911296 0.041015625 0.043214556482183475
0 0.18310546875 0.0712661106899166 0.0400390625 0.03639120545868082
0 0.06298828125 0.07354056103108415 0.0419921875 0.039423805913570885
0 0.06494140625 0.1573161485974223 0.0537109375 0.058377558756633814
0 0.6630859375 0.1315390447308567 0.0078125 0.008339651250947688
0 0.64990234375 0.05269143290371493 0.0166015625 0.028051554207733132
0 0.69287109375 0.05458680818802123 0.0224609375 0.027293404094010616
0 0.12939453125 0.12395754359363154 0.0537109375 0.05534495830174375
0 0.20947265625 0.21076573161485973 0.0615234375 0.056103108415466264
0 0.25146484375 0.15845337376800606 0.0537109375 0.05155420773313116
