0 0.046875 0.3118489583333333 0.037109375 0.07682291666666667
0 0.19384765625 0.2890625 0.0419921875 0.09375
0 0.21826171875 0.353515625 0.0205078125 0.032552083333333336
0 0.25732421875 0.34765625 0.0185546875 0.028645833333333332
0 0.3427734375 0.3111979166666667 0.037109375 0.057291666666666664
0 0.40576171875 0.3190104166666667 0.0185546875 0.028645833333333332
0 0.4736328125 0.3346354166666667 0.04296875 0.0703125
0 0.5849609375 0.298828125 0.0390625 0.05859375
0 0.69140625 0.3092447916666667 0.01953125 0.02734375
0 0.724609375 0.251953125 0.048828125 0.10026041666666667
0 0.97802734375 0.23893229166666666 0.0439453125 0.07942708333333333
0 0.53564453125 0.30859375 0.0185546875 0.033854166666666664
