0 0.767578125 0.2716400911161731 0.064453125 0.09908883826879271
0 0.86181640625 0.29271070615034167 0.0380859375 0.06605922551252848
0 0.275390625 0.2722095671981777 0.1796875 0.27107061503416857
0 0.06982421875 0.25854214123006836 0.0732421875 0.1548974943052392
0 0.23583984375 0.05125284738041002 0.0302734375 0.04783599088838269
0 0.1982421875 0.05125284738041002 0.033203125 0.04328018223234624
0 0.46923828125 0.10876993166287016 0.0263671875 0.03530751708428246
0 0.9560546875 0.29954441913439633 0.01953125 0.03416856492027335
0 0.537109375 0.275626423690205 0.033203125 0.05922551252847381
0 0.66064453125 0.2716400911161731 0.0244140625 0.04214123006833713
0 0.8046875 0.18280182232346243 0.013671875 0.02164009111617312
0 0.8525390625 0.1776765375854214 0.01171875 0.015945330296127564
0 0.89013671875 0.19646924829157175 0.0107421875 0.0193621867881549
0 0.9248046875 0.20330296127562641 0.01171875 0.017084282460136675
0 0.90234375 0.1845102505694761 0.0078125 0.01366742596810934
0 0.97900390625 0.20501138952164008 0.0087890625 0.01366742596810934
0 0.99072265625 0.19931662870159453 0.0087890625 0.01366742596810934
0 0.9609375 0.16173120728929385 0.005859375 0.01366742596810934
0 0.94921875 0.1600227790432802 0.0078125 0.014806378132118452
0 0.8828125 0.17539863325740318 0.0078125 0.01366742596810934
0 0.8154296875 0.1600227790432802 0.009765625 0.017084282460136675
0 0.75439453125 0.17482915717539863 0.0126953125 0.02164009111617312
0 0.71728515625 0.17482915717539863 0.0146484375 0.023917995444191344
0 0.69384765625 0.16514806378132119 0.0166015625 0.022779043280182234
0 0.60888671875 0.15774487471526197 0.0146484375 0.0193621867881549
0 0.96240234375 0.21127562642369022 0.0126953125 0.0193621867881549
