0 0.912109375 0.2421875 0.083984375 0.12239583333333333
0 0.82275390625 0.322265625 0.0654296875 0.09765625
0 0.775390625 0.353515625 0.046875 0.09244791666666667
0 0.62548828125 0.4069010416666667 0.0576171875 0.09244791666666667
0 0.4404296875 0.439453125 0.052734375 0.08463541666666667
0 0.34130859375 0.4908854166666667 0.0517578125 0.07291666666666667
0 0.29638671875 0.4680989583333333 0.0341796875 0.06380208333333333
0 0.19873046875 0.5045572916666666 0.0341796875 0.048177083333333336
0 0.25048828125 0.5221354166666666 0.0322265625 0.059895833333333336
0 0.1181640625 0.53125 0.037109375 0.0546875
0 0.0654296875 0.5859375 0.02734375 0.0390625
0 0.16259765625 0.5618489583333334 0.0224609375 0.037760416666666664
0 0.029296875 0.54296875 0.01171875 0.026041666666666668
