0 0.88134765625 0.10972568578553615 0.0517578125 0.09226932668329177
0 0.66748046875 0.11346633416458853 0.0615234375 0.10224438902743142
0 0.39599609375 0.11471321695760599 0.0634765625 0.09975062344139651
0 0.52734375 0.185785536159601 0.037109375 0.057356608478802994
0 0.29248046875 0.17955112219451372 0.0361328125 0.057356608478802994
0 0.16064453125 0.1172069825436409 0.0595703125 0.09975062344139651
0 0.23583984375 0.185785536159601 0.0244140625 0.0399002493765586
0 0.3525390625 0.19139650872817954 0.015625 0.03117206982543641
0 0.3349609375 0.19077306733167082 0.015625 0.02743142144638404
0 0.7919921875 0.2013715710723192 0.009765625 0.016209476309226933
0 0.97900390625 0.22443890274314215 0.0068359375 0.014962593516209476
0 0.99169921875 0.22069825436408977 0.0068359375 0.012468827930174564
0 0.96337890625 0.22630922693266833 0.0087890625 0.01371571072319202
0 0.5576171875 0.14214463840399003 0.015625 0.02743142144638404
