0 0.509765625 0.22692793931731986 0.08203125 0.056890012642225034
0 0.27099609375 0.42983565107458915 0.0400390625 0.035398230088495575
0 0.35205078125 0.45448798988621997 0.0380859375 0.03413400758533502
0 0.11181640625 0.3751580278128951 0.0380859375 0.025916561314791402
0 0.11474609375 0.34260429835651074 0.0263671875 0.022756005056890013
0 0.0263671875 0.3606194690265487 0.033203125 0.02465233881163085
0 0.068359375 0.41213653603034134 0.041015625 0.03413400758533502
0 0.2587890625 0.3963337547408344 0.03515625 0.02781289506953224
0 0.6748046875 0.4481668773704172 0.04296875 0.03286978508217446
0 0.8115234375 0.41845764854614415 0.037109375 0.02781289506953224
0 0.91748046875 0.4216182048040455 0.0419921875 0.0316055625790139
0 0.79833984375 0.3552465233881163 0.0302734375 0.025284450063211124
0 0.67529296875 0.4086599241466498 0.0380859375 0.02970922882427307
0 0.66748046875 0.35651074589127685 0.0283203125 0.02402022756005057
0 0.98291015625 0.40107458912768645 0.0263671875 0.02338811630847029
0 0.9482421875 0.36283185840707965 0.0234375 0.021491782553729456
0 0.10693359375 0.43805309734513276 0.0283203125 0.0316055625790139
0 0.57470703125 0.297724399494311 0.0244140625 0.02654867256637168
