0 0.2265625 0.24160671462829736 0.0546875 0.08752997601918465
0 0.06201171875 0.31714628297362113 0.0537109375 0.07314148681055156
0 0.84228515625 0.302158273381295 0.0126953125 0.019184652278177457
0 0.9375 0.5035971223021583 0.021484375 0.03357314148681055
0 0.9619140625 0.4628297362110312 0.01953125 0.023980815347721823
0 0.86083984375 0.42326139088729015 0.0263671875 0.045563549160671464
0 0.41748046875 0.25359712230215825 0.0634765625 0.08992805755395683
0 0.59423828125 0.34652278177458035 0.1142578125 0.2158273381294964
0 0.73388671875 0.3225419664268585 0.0400390625 0.0671462829736211
0 0.01611328125 0.35071942446043164 0.0263671875 0.046762589928057555
