0 0.57470703125 0.49477806788511747 0.0517578125 0.09660574412532637
0 0.31396484375 0.6116187989556136 0.0498046875 0.08746736292428199
0 0.4365234375 0.4471279373368146 0.046875 0.09007832898172324
0 0.58642578125 0.35704960835509136 0.0439453125 0.07441253263707572
0 0.50927734375 0.39099216710182766 0.0380859375 0.07441253263707572
0 0.3935546875 0.37010443864229764 0.041015625 0.0587467362924282
0 0.296875 0.37532637075718017 0.04296875 0.0639686684073107
0 0.3720703125 0.47845953002610964 0.046875 0.08224543080939947
0 0.251953125 0.4216710182767624 0.05078125 0.0783289817232376
0 0.8037109375 0.5267624020887729 0.056640625 0.10835509138381201
