0 0.53564453125 0.3375331564986737 0.0126953125 0.022546419098143235
0 0.58056640625 0.3819628647214854 0.0126953125 0.023872679045092837
0 0.314453125 0.4535809018567639 0.015625 0.029177718832891247
0 0.640625 0.5596816976127321 0.015625 0.029177718832891247
0 0.60205078125 0.42838196286472147 0.0166015625 0.034482758620689655
0 0.6103515625 0.46551724137931033 0.01171875 0.029177718832891247
0 0.7353515625 0.04177718832891247 0.01171875 0.025198938992042442
0 0.916015625 0.4409814323607427 0.01171875 0.022546419098143235
0 0.94384765625 0.6598143236074271 0.0166015625 0.03050397877984085
0 0.98046875 0.6830238726790451 0.01953125 0.034482758620689655
