0 0.47021484375 0.34026128266033256 0.0205078125 0.04156769596199525
0 0.9521484375 0.37232779097387175 0.017578125 0.048693586698337295
0 0.9541015625 0.5344418052256532 0.025390625 0.05938242280285035
0 0.70166015625 0.6769596199524941 0.0087890625 0.0166270783847981
0 0.71875 0.66270783847981 0.009765625 0.014251781472684086
0 0.8505859375 0.684085510688836 0.009765625 0.011876484560570071
0 0.27099609375 0.7719714964370546 0.0126953125 0.021377672209026127
0 0.53857421875 0.8580760095011877 0.0107421875 0.015439429928741092
0 0.54150390625 0.8111638954869359 0.0107421875 0.019002375296912115
0 0.4287109375 0.6336104513064132 0.013671875 0.022565320665083134
0 0.4677734375 0.6668646080760094 0.0078125 0.013064133016627079
0 0.7802734375 0.6728028503562945 0.009765625 0.017814726840855107
0 0.986328125 0.4483372921615202 0.02734375 0.07719714964370546
0 0.986328125 0.3586698337292161 0.02734375 0.05938242280285035
0 0.25 0.6347980997624703 0.0078125 0.017814726840855107
0 0.3076171875 0.6413301662707839 0.009765625 0.019002375296912115
0 0.81201171875 0.4085510688836104 0.0341796875 0.047505938242280284
0 0.8271484375 0.6413301662707839 0.009765625 0.014251781472684086
0 0.865234375 0.6882422802850356 0.0078125 0.00831353919239905
0 0.8720703125 0.6864608076009501 0.005859375 0.009501187648456057
0 0.82568359375 0.6882422802850356 0.0126953125 0.015439429928741092
0 0.0390625 0.5255344418052257 0.00390625 0.00831353919239905
0 0.04443359375 0.5261282660332541 0.0029296875 0.007125890736342043
0 0.0341796875 0.5213776722090261 0.00390625 0.007125890736342043
