0 0.140625 0.3190104166666667 0.01953125 0.028645833333333332
0 0.18310546875 0.3170572916666667 0.0166015625 0.029947916666666668
0 0.21826171875 0.3307291666666667 0.0146484375 0.026041666666666668
0 0.2587890625 0.3177083333333333 0.015625 0.026041666666666668
0 0.2900390625 0.3059895833333333 0.015625 0.028645833333333332
0 0.3251953125 0.3352864583333333 0.013671875 0.022135416666666668
0 0.3427734375 0.3098958333333333 0.01171875 0.020833333333333332
0 0.37841796875 0.3248697916666667 0.0126953125 0.024739583333333332
0 0.4208984375 0.3287760416666667 0.01171875 0.022135416666666668
0 0.4462890625 0.328125 0.01171875 0.020833333333333332
0 0.48193359375 0.345703125 0.0126953125 0.01953125
0 0.49951171875 0.3020833333333333 0.0146484375 0.020833333333333332
0 0.50390625 0.3372395833333333 0.013671875 0.018229166666666668
0 0.5244140625 0.3209635416666667 0.01171875 0.024739583333333332
