0 0.869140625 0.32474874371859297 0.015625 0.028894472361809045
0 0.8671875 0.3008793969849246 0.01171875 0.013819095477386936
0 0.943359375 0.31721105527638194 0.009765625 0.018844221105527637
0 0.931640625 0.31344221105527637 0.009765625 0.016331658291457288
0 0.673828125 0.05778894472361809 0.017578125 0.06030150753768844
0 0.3251953125 0.06658291457286432 0.03125 0.0678391959798995
0 0.576171875 0.02701005025125628 0.02734375 0.04648241206030151
0 0.81982421875 0.052763819095477386 0.0068359375 0.017587939698492462
0 0.92138671875 0.07412060301507538 0.0087890625 0.017587939698492462
0 0.9501953125 0.07977386934673367 0.0078125 0.018844221105527637
0 0.8427734375 0.055904522613065326 0.005859375 0.013819095477386936
0 0.71923828125 0.2914572864321608 0.0341796875 0.05025125628140704
