0 0.16015625 0.6140988372093024 0.017578125 0.06831395348837209
0 0.8203125 0.34375 0.015625 0.03343023255813953
0 0.8056640625 0.33502906976744184 0.013671875 0.030523255813953487
0 0.76171875 0.33066860465116277 0.017578125 0.03343023255813953
0 0.70947265625 0.3539244186046512 0.0166015625 0.03924418604651163
0 0.73681640625 0.33575581395348836 0.0126953125 0.02616279069767442
0 0.67724609375 0.37136627906976744 0.0166015625 0.03343023255813953
0 0.63134765625 0.376453488372093 0.0166015625 0.03488372093023256
0 0.58837890625 0.3808139534883721 0.0166015625 0.03488372093023256
0 0.662109375 0.3059593023255814 0.01171875 0.024709302325581394
0 0.6796875 0.31468023255813954 0.009765625 0.02180232558139535
0 0.5693359375 0.3684593023255814 0.015625 0.030523255813953487
0 0.08349609375 0.4309593023255814 0.0146484375 0.027616279069767442
0 0.07080078125 0.32049418604651164 0.0146484375 0.024709302325581394
0 0.0908203125 0.29723837209302323 0.01171875 0.024709302325581394
0 0.1015625 0.33502906976744184 0.01171875 0.024709302325581394
0 0.2646484375 0.34011627906976744 0.009765625 0.023255813953488372
0 0.28271484375 0.3234011627906977 0.0107421875 0.024709302325581394
0 0.29833984375 0.3495639534883721 0.0146484375 0.03343023255813953
0 0.32080078125 0.3808139534883721 0.0166015625 0.0436046511627907
0 0.3720703125 0.3706395348837209 0.015625 0.0377906976744186
0 0.40087890625 0.37281976744186046 0.0185546875 0.036337209302325583
0 0.46142578125 0.34375 0.0166015625 0.04215116279069767
0 0.5263671875 0.3808139534883721 0.015625 0.03197674418604651
0 0.2841796875 0.40334302325581395 0.021484375 0.03924418604651163
0 0.2373046875 0.36191860465116277 0.013671875 0.03488372093023256
0 0.20263671875 0.37790697674418605 0.0205078125 0.0377906976744186
0 0.17431640625 0.3488372093023256 0.0205078125 0.029069767441860465
0 0.31494140625 0.31976744186046513 0.0107421875 0.020348837209302327
0 0.3388671875 0.34011627906976744 0.01171875 0.023255813953488372
0 0.365234375 0.3125 0.009765625 0.023255813953488372
0 0.3916015625 0.32776162790697677 0.01171875 0.027616279069767442
0 0.5517578125 0.3386627906976744 0.01171875 0.023255813953488372
0 0.52099609375 0.3183139534883721 0.0126953125 0.023255813953488372
0 0.486328125 0.3321220930232558 0.009765625 0.0188953488372093
0 0.43115234375 0.34593023255813954 0.0166015625 0.03197674418604651
0 0.4521484375 0.3495639534883721 0.015625 0.03343023255813953
0 0.32861328125 0.35828488372093026 0.0146484375 0.03343023255813953
0 0.2783203125 0.30377906976744184 0.01171875 0.02616279069767442
0 0.4248046875 0.3125 0.0078125 0.02616279069767442
0 0.58154296875 0.31976744186046513 0.0087890625 0.023255813953488372
0 0.56396484375 0.32776162790697677 0.0068359375 0.024709302325581394
0 0.6142578125 0.3379360465116279 0.01171875 0.030523255813953487
