0 0.71337890625 0.06408629441624365 0.0263671875 0.046954314720812185
0 0.9287109375 0.0399746192893401 0.029296875 0.03934010152284264
0 0.611328125 0.10977157360406091 0.01953125 0.031725888324873094
0 0.92626953125 0.15736040609137056 0.0166015625 0.027918781725888325
0 0.8828125 0.6008883248730964 0.015625 0.04187817258883249
0 0.62109375 0.575507614213198 0.015625 0.031725888324873094
0 0.1181640625 0.02601522842639594 0.033203125 0.03680203045685279
0 0.09130859375 0.24619289340101522 0.0166015625 0.025380710659898477
0 0.4736328125 0.056472081218274114 0.033203125 0.04949238578680203
0 0.3662109375 0.038705583756345176 0.013671875 0.021573604060913704
0 0.474609375 0.15862944162436549 0.017578125 0.027918781725888325
0 0.48681640625 0.28743654822335024 0.0283203125 0.08248730964467005
0 0.56640625 0.2296954314720812 0.017578125 0.027918781725888325
0 0.1220703125 0.524746192893401 0.02734375 0.03680203045685279
0 0.37353515625 0.5380710659898477 0.0146484375 0.02284263959390863
0 0.478515625 0.5513959390862944 0.03125 0.05710659898477157
0 0.48095703125 0.6541878172588832 0.0205078125 0.02918781725888325
0 0.4912109375 0.7823604060913706 0.01953125 0.06979695431472081
0 0.5859375 0.01713197969543147 0.03125 0.031725888324873094
0 0.09423828125 0.6154822335025381 0.0185546875 0.030456852791878174
0 0.15283203125 0.631979695431472 0.0146484375 0.030456852791878174
