0 0.55810546875 0.4106334841628959 0.0224609375 0.01885369532428356
0 0.6142578125 0.4023378582202112 0.0234375 0.023378582202111614
0 0.69091796875 0.4110105580693816 0.0302734375 0.030165912518853696
0 0.734375 0.4155354449472097 0.0078125 0.00904977375565611
0 0.8720703125 0.06825037707390648 0.021484375 0.023378582202111614
0 0.892578125 0.033559577677224735 0.01953125 0.01885369532428356
0 0.30517578125 0.05693815987933635 0.0087890625 0.008295625942684766
0 0.40234375 0.05957767722473605 0.01171875 0.010558069381598794
0 0.37255859375 0.06070889894419306 0.0107421875 0.00980392156862745
0 0.32861328125 0.06108597285067873 0.0087890625 0.007541478129713424
0 0.08447265625 0.1870286576168929 0.0185546875 0.013574660633484163
0 0.1337890625 0.18288084464555052 0.017578125 0.01583710407239819
0 0.02294921875 0.18288084464555052 0.0068359375 0.011312217194570135
0 0.173828125 0.19457013574660634 0.005859375 0.007541478129713424
0 0.2021484375 0.19306184012066366 0.00390625 0.004524886877828055
0 0.0478515625 0.19004524886877827 0.0078125 0.007541478129713424
0 0.1162109375 0.5622171945701357 0.03515625 0.04147812971342383
0 0.1875 0.5984162895927602 0.01171875 0.01282051282051282
0 0.21484375 0.5976621417797888 0.0078125 0.00980392156862745
0 0.0244140625 0.6146304675716441 0.0078125 0.00904977375565611
0 0.66552734375 0.5701357466063348 0.0302734375 0.03619909502262444
0 0.791015625 0.5882352941176471 0.0234375 0.02262443438914027
0 0.89599609375 0.579185520361991 0.0263671875 0.02564102564102564
0 0.87353515625 0.5818250377073907 0.0146484375 0.017345399698340876
0 0.73974609375 0.5889894419306184 0.0107421875 0.013574660633484163
0 0.07373046875 0.06523378582202112 0.0146484375 0.014328808446455505
0 0.10693359375 0.058446455505279035 0.0146484375 0.014328808446455505
0 0.15869140625 0.06975867269984917 0.0126953125 0.01282051282051282
0 0.2158203125 0.07767722473604827 0.01171875 0.010558069381598794
0 0.07421875 0.34728506787330315 0.025390625 0.026395173453996983
0 0.13330078125 0.3563348416289593 0.0205078125 0.024886877828054297
0 0.31201171875 0.3721719457013575 0.0146484375 0.01583710407239819
0 0.28662109375 0.34615384615384615 0.0068359375 0.007541478129713424
0 0.298828125 0.3514328808446455 0.005859375 0.006033182503770739
0 0.369140625 0.3495475113122172 0.009765625 0.008295625942684766
0 0.34033203125 0.37368024132730016 0.0126953125 0.011312217194570135
0 0.42529296875 0.3721719457013575 0.0107421875 0.014328808446455505
0 0.83154296875 0.4920814479638009 0.0205078125 0.020361990950226245
0 0.83056640625 0.46304675716440424 0.0146484375 0.012066365007541479
0 0.95263671875 0.4939668174962293 0.0244140625 0.027149321266968326
0 0.76904296875 0.48340874811463047 0.0126953125 0.02564102564102564
0 0.39697265625 0.7156862745098039 0.0126953125 0.01809954751131222
0 0.42138671875 0.7107843137254902 0.0126953125 0.014328808446455505
0 0.46240234375 0.7130467571644042 0.0126953125 0.01583710407239819
0 0.25048828125 0.7187028657616893 0.0048828125 0.004524886877828055
0 0.03515625 0.9177978883861236 0.015625 0.01809954751131222
0 0.16015625 0.9030920060331825 0.009765625 0.00980392156862745
0 0.13818359375 0.8925339366515838 0.0048828125 0.005279034690799397
0 0.32275390625 0.8774509803921569 0.0205078125 0.01885369532428356
0 0.36181640625 0.8902714932126696 0.0185546875 0.01885369532428356
0 0.41357421875 0.8906485671191554 0.0126953125 0.012066365007541479
0 0.47607421875 0.8846153846153846 0.0126953125 0.012066365007541479
0 0.44091796875 0.8944193061840121 0.0087890625 0.012066365007541479
0 0.46728515625 0.8914027149321267 0.0068359375 0.007541478129713424
0 0.72705078125 0.8129713423831071 0.0400390625 0.03619909502262444
0 0.6328125 0.8382352941176471 0.029296875 0.026395173453996983
0 0.66064453125 0.8333333333333334 0.0146484375 0.015082956259426848
0 0.8017578125 0.830316742081448 0.0390625 0.03770739064856712
0 0.77001953125 0.8389894419306184 0.0146484375 0.01885369532428356
0 0.90625 0.832579185520362 0.005859375 0.012066365007541479
0 0.91552734375 0.8374811463046757 0.0087890625 0.011312217194570135
0 0.22900390625 0.23491704374057315 0.0107421875 0.00980392156862745
0 0.25830078125 0.23378582202111614 0.0068359375 0.00904977375565611
0 0.24365234375 0.2288838612368024 0.0068359375 0.008295625942684766
0 0.3837890625 0.2398190045248869 0.01171875 0.010558069381598794
0 0.40380859375 0.23453996983408748 0.0107421875 0.010558069381598794
0 0.46240234375 0.252262443438914 0.0166015625 0.01583710407239819
0 0.345703125 0.23604826546003016 0.0078125 0.00904977375565611
0 0.275390625 0.22624434389140272 0.005859375 0.007541478129713424
0 0.4775390625 0.24811463046757165 0.01171875 0.013574660633484163
0 0.48193359375 0.23076923076923078 0.0087890625 0.00904977375565611
0 0.4931640625 0.22963800904977374 0.005859375 0.006787330316742082
0 0.61474609375 0.5950226244343891 0.0224609375 0.02564102564102564
0 0.30908203125 0.5116892911010558 0.0087890625 0.01282051282051282
0 0.3603515625 0.5105580693815988 0.015625 0.015082956259426848
0 0.27294921875 0.5109351432880844 0.0068359375 0.008295625942684766
0 0.23974609375 0.5109351432880844 0.0068359375 0.008295625942684766
0 0.43017578125 0.5203619909502263 0.0068359375 0.007541478129713424
0 0.40380859375 0.521870286576169 0.0068359375 0.007541478129713424
0 0.052734375 0.8929110105580694 0.00390625 0.006033182503770739
0 0.330078125 0.7205882352941176 0.00390625 0.005279034690799397
0 0.54052734375 0.7130467571644042 0.0087890625 0.00980392156862745
0 0.583984375 0.2918552036199095 0.00390625 0.004524886877828055
0 0.54541015625 0.28355957767722473 0.0029296875 0.007541478129713424
0 0.89111328125 0.26772247360482654 0.0029296875 0.004524886877828055
0 0.7412109375 0.2888386123680241 0.00390625 0.006033182503770739
0 0.7626953125 0.2888386123680241 0.00390625 0.007541478129713424
0 0.78369140625 0.2850678733031674 0.0029296875 0.006033182503770739
0 0.62646484375 0.2948717948717949 0.0029296875 0.0030165912518853697
0 0.6318359375 0.3103318250377074 0.005859375 0.005279034690799397
0 0.693359375 0.20625942684766213 0.00390625 0.003770739064856712
0 0.8212890625 0.25037707390648567 0.00390625 0.004524886877828055
0 0.525390625 0.30731523378582204 0.00390625 0.005279034690799397
0 0.61669921875 0.29751131221719457 0.0029296875 0.003770739064856712
0 0.65185546875 0.2944947209653092 0.0048828125 0.005279034690799397
0 0.64453125 0.31221719457013575 0.005859375 0.004524886877828055
0 0.18798828125 0.3650075414781297 0.0068359375 0.006033182503770739
0 0.013671875 0.5999245852187028 0.0078125 0.00980392156862745
0 0.58251953125 0.8495475113122172 0.0126953125 0.011312217194570135
