0 0.296875 0.2108345534407028 0.0234375 0.043923865300146414
0 0.5224609375 0.3762811127379209 0.033203125 0.07906295754026355
0 0.720703125 0.25036603221083453 0.025390625 0.06442166910688141
0 0.3447265625 0.3821376281112738 0.068359375 0.1376281112737921
0 0.4970703125 0.5483162518301611 0.083984375 0.14202049780380674
0 0.79736328125 0.369692532942899 0.0654296875 0.14494875549048317
0 0.29345703125 0.48975109809663253 0.0419921875 0.1800878477306003
0 0.3583984375 0.2525622254758419 0.052734375 0.0951683748169839
0 0.6630859375 0.4377745241581259 0.0625 0.13177159590043924
0 0.623046875 0.24011713030746706 0.03125 0.06442166910688141
0 0.44482421875 0.2767203513909224 0.0419921875 0.06442166910688141
0 0.46337890625 0.2518301610541728 0.0400390625 0.07613469985358712
0 0.39013671875 0.21010248901903367 0.0263671875 0.05710102489019034
0 0.8740234375 0.3557833089311859 0.044921875 0.11420204978038068
0 0.93994140625 0.36749633967789164 0.0302734375 0.06734992679355783
0 0.48974609375 0.3762811127379209 0.0478515625 0.1171303074670571
0 0.38916015625 0.36749633967789164 0.0458984375 0.12298682284040996
0 0.50390625 0.24963396778916544 0.0234375 0.060029282576866766
0 0.4970703125 0.1822840409956076 0.0234375 0.03953147877013177
