0 0.02587890625 0.2862371888726208 0.0517578125 0.12445095168374817
0 0.384765625 0.363103953147877 0.103515625 0.17862371888726208
0 0.67822265625 0.2840409956076135 0.0732421875 0.1581259150805271
0 0.83349609375 0.43484626647144947 0.1279296875 0.23133235724743778
0 0.5166015625 0.3923865300146413 0.03125 0.06734992679355783
0 0.61669921875 0.3418740849194729 0.0185546875 0.09809663250366032
0 0.474609375 0.3711566617862372 0.017578125 0.05417276720351391
0 0.45263671875 0.2972181551976574 0.0146484375 0.029282576866764276
0 0.4521484375 0.38872620790629575 0.01953125 0.0424597364568082
0 0.59423828125 0.38872620790629575 0.0302734375 0.0629575402635432
0 0.28369140625 0.2759882869692533 0.0693359375 0.20937042459736457
