0 0.48828125 0.5077369439071566 0.271484375 0.7562862669245648
0 0.1650390625 0.3036750483558994 0.04296875 0.09671179883945841
0 0.08984375 0.2852998065764023 0.0234375 0.06382978723404255
0 0.03564453125 0.21179883945841393 0.0263671875 0.06382978723404255
0 0.06396484375 0.17117988394584138 0.0185546875 0.05222437137330754
0 0.2373046875 0.18375241779497098 0.03515625 0.0735009671179884
0 0.0126953125 0.22823984526112184 0.013671875 0.06576402321083172
0 0.1552734375 0.06769825918762089 0.017578125 0.0425531914893617
0 0.68701171875 0.2011605415860735 0.1650390625 0.37524177949709864
0 0.88623046875 0.36847195357833656 0.0166015625 0.0367504835589942
0 0.90087890625 0.42940038684719534 0.0224609375 0.04642166344294004
0 0.93896484375 0.4458413926499033 0.0341796875 0.07156673114119923
0 0.93603515625 0.2688588007736944 0.0166015625 0.04642166344294004
0 0.97705078125 0.27949709864603484 0.0166015625 0.0367504835589942
0 0.77197265625 0.34332688588007737 0.0166015625 0.029013539651837523
