1 0.048295 0.193496 0.096591 0.213471
1 0.237825 0.171860 0.100649 0.216356
1 0.431412 0.185563 0.086851 0.188951
1 0.564935 0.193496 0.097403 0.207702
1 0.736201 0.189169 0.094156 0.199047
1 0.945211 0.185563 0.106331 0.235107
1 0.055195 0.510097 0.092532 0.191836
1 0.239448 0.510097 0.090909 0.212029
1 0.401380 0.525963 0.104708 0.226453
1 0.571429 0.498558 0.112013 0.246646
1 0.745536 0.532453 0.111201 0.207702
1 0.920455 0.525963 0.099026 0.217798
1 0.081981 0.864920 0.082792 0.206259
1 0.249188 0.865642 0.108766 0.196163
1 0.402192 0.862036 0.081981 0.200490
1 0.579951 0.879344 0.090097 0.194720
1 0.752841 0.847612 0.091721 0.203375
1 0.924919 0.848333 0.104708 0.242319