1 0.112213 0.172539 0.124700 0.206561
1 0.308895 0.189550 0.120645 0.206561
1 0.515714 0.179222 0.128755 0.202916
1 0.682995 0.203524 0.114562 0.183475
1 0.864976 0.173147 0.072995 0.168894
1 0.110693 0.479344 0.125714 0.241798
1 0.302812 0.501823 0.142949 0.255164
1 0.519263 0.500608 0.123686 0.204131
1 0.690598 0.507290 0.125714 0.217497
1 0.872579 0.524301 0.112534 0.207776
1 0.113734 0.840219 0.133824 0.193196
1 0.317005 0.829891 0.132811 0.201701
1 0.497465 0.834143 0.144976 0.217497
1 0.704285 0.835966 0.144976 0.243013
1 0.882211 0.849939 0.127741 0.210207