1 0.051948 0.144481 0.103896 0.220373
1 0.254058 0.143263 0.146104 0.213068
1 0.509740 0.129160 0.155844 0.258320
1 0.730925 0.170657 0.119318 0.209416
1 0.953734 0.137784 0.092532 0.224026
1 0.051948 0.497565 0.103896 0.242289
1 0.262581 0.523742 0.146916 0.226461
1 0.479708 0.527394 0.133117 0.221591
1 0.733766 0.495130 0.108766 0.217938
1 0.958604 0.495739 0.082792 0.199675
1 0.053571 0.867086 0.107143 0.192370
1 0.272321 0.856128 0.124188 0.228896
1 0.485390 0.845170 0.137987 0.221591
1 0.768669 0.879870 0.102273 0.203328
1 0.951299 0.892654 0.097403 0.204545