0 0.104025 0.084447 0.150314 0.122722
0 0.376608 0.082017 0.183966 0.134872
0 0.583009 0.080802 0.130122 0.093560
0 0.843253 0.070474 0.179479 0.133657
0 0.139921 0.252734 0.141340 0.109356
0 0.371000 0.240583 0.154801 0.119077
0 0.607687 0.252126 0.192940 0.125152
0 0.884758 0.252126 0.172748 0.132442
0 0.134312 0.389429 0.143583 0.108141
0 0.374365 0.433171 0.188453 0.117861
0 0.617783 0.419806 0.163774 0.132442
0 0.865688 0.415553 0.161531 0.133657
0 0.119729 0.557716 0.123392 0.109356
0 0.395678 0.566221 0.181722 0.131227
0 0.658166 0.570474 0.154801 0.120292
0 0.929479 0.578372 0.141042 0.123937
0 0.126460 0.715674 0.083009 0.063183
0 0.405774 0.729648 0.134609 0.105711
0 0.635731 0.721142 0.105444 0.086270
0 0.847740 0.738761 0.130122 0.106926
0 0.136555 0.882139 0.107687 0.077764
0 0.375487 0.914945 0.100957 0.077764
0 0.652557 0.902795 0.161531 0.126367
0 0.872419 0.904617 0.103200 0.088700